municipality,year,population_20xx_12_31,median_income_aged_lt_20_male,median_income_aged_lt_20_female,median_income_aged_lt_20,mean_income_aged_lt_20_male,mean_income_aged_lt_20_female,mean_income_aged_lt_20,population_20xx_12_31_male,population_20xx_12_31_female,higher_education_min_3_years_percent_of_population_aged_25_64_male,higher_education_min_3_years_percent_of_population_aged_25_64_female,higher_education_min_3_years_percent_of_population_aged_25_64,employment_rate_aged_20_64_male,employment_rate_aged_20_64_female,employment_rate_aged_20_64,immigration_surplus_employed_aged_20_64_male,immigration_surplus_employed_aged_20_64_female,immigration_surplus_employed_aged_20_64,cumulative_immigration_surplus_employed_aged_20_64_male,cumulative_immigration_surplus_employed_aged_20_64_female,cumulative_immigration_surplus_employed_aged_20_64,immigration_surplus_min_3_years_of_higher_education_aged_25_64_male,immigration_surplus_min_3_years_of_higher_education_aged_25_64_female,immigration_surplus_min_3_years_of_higher_education_aged_25_64,cumulative_immigration_surplus_min_3_years_of_higher_education_aged_25_64_male,cumulative_immigration_surplus_min_3_years_of_higher_education_aged_25_64_female,cumulative_immigration_surplus_min_3_years_of_higher_education_aged_25_64,immigration_surplus_male,immigration_surplus_female,immigration_surplus,cumulative_immigration_surplus_male,cumulative_immigration_surplus_female,cumulative_immigration_surplus
0127_botkyrka,2000,73097,192799,150381,168359,205796,151312,178302,36468,36629,0.117675853,0.123705149,0.120657231,0.734707244,0.677952546,0.706577991,25,-4,21,25,-4,21,36,41,77,36,41,77,-98,-57,-155,-98,-57,-155
0127_botkyrka,2001,74151,200839,157371,177321,216244,159377,187598,37065,37086,0.122240923,0.131153218,0.126633828,0.737054357,0.689229422,0.713384905,138,18,156,163,14,177,22,11,33,58,52,110,40,-115,-75,-58,-172,-230
0127_botkyrka,2002,75216,206408,163667,182065,221576,165378,193271,37611,37605,0.127431953,0.138430054,0.132851517,0.731578947,0.690232921,0.711110635,-12,-46,-58,151,-32,119,36,33,69,94,85,179,-73,-83,-156,-131,-255,-386
0127_botkyrka,2003,75432,210873,168334,187225,225042,170986,197802,37692,37740,0.132514052,0.141047503,0.13673258,0.723772941,0.673036001,0.698624535,-146,-250,-396,5,-282,-277,9,-41,-32,103,44,147,-449,-533,-982,-580,-788,-1368
0127_botkyrka,2004,75830,213843,171853,190746,229362,176038,202470,37913,37917,0.13549917,0.148574482,0.141959015,0.718800718,0.671895991,0.69551937,-123,-112,-235,-118,-394,-512,-16,-9,-25,87,35,122,-259,-307,-566,-839,-1095,-1934
0127_botkyrka,2005,76592,215511,175017,192903,232764,178877,205612,38305,38287,0.138783988,0.159510385,0.149040181,0.708448371,0.666781768,0.687782321,-110,-189,-299,-228,-583,-811,-23,24,1,64,59,123,-290,-282,-572,-1129,-1377,-2506
0127_botkyrka,2006,77553,220296,177069,196392,237176,183111,209970,38871,38682,0.139865022,0.164732292,0.152138042,0.721614485,0.670174988,0.696159383,-181,-178,-359,-409,-761,-1170,-30,-55,-85,34,4,38,-386,-482,-868,-1515,-1859,-3374
0127_botkyrka,2007,79031,229783,180508,202939,247087,187830,217313,39695,39336,0.144045977,0.172291548,0.157973244,0.747057123,0.674393122,0.711091178,-79,-85,-164,-488,-846,-1334,1,1,2,35,5,40,-245,-299,-544,-1760,-2158,-3918
0127_botkyrka,2008,80055,237918,186514,211112,254415,195061,224703,40298,39757,0.145235597,0.181166258,0.162898026,0.749714565,0.676171678,0.713484773,-160,-180,-340,-648,-1026,-1674,-33,-19,-52,2,-14,-12,-325,-448,-773,-2085,-2606,-4691
0127_botkyrka,2009,81195,239302,188520,212530,253914,197658,225845,40951,40244,0.145624492,0.185164293,0.164996891,0.718569132,0.657783718,0.688760984,-133,-203,-336,-781,-1229,-2010,-58,-64,-122,-56,-78,-134,-324,-390,-714,-2409,-2996,-5405
0127_botkyrka,2010,82608,240000,188468,213288,257124,199787,228613,41755,40853,0.148831215,0.192793045,0.170258326,0.733409611,0.671886003,0.703396852,-4,-129,-133,-785,-1358,-2143,29,17,46,-27,-61,-88,-156,-273,-429,-2565,-3269,-5834
0127_botkyrka,2011,84677,245124,189302,216682,263477,202854,233462,42941,41736,0.151004677,0.200965739,0.175234739,0.746219517,0.677233663,0.712713383,122,-24,98,-663,-1382,-2045,9,15,24,-18,-46,-64,66,-128,-62,-2499,-3397,-5896
0127_botkyrka,2012,86274,251454,195523,222771,268290,208780,238808,43740,42534,0.151626712,0.206148282,0.178144239,0.746468794,0.683175412,0.715698608,-192,-82,-274,-855,-1464,-2319,-28,22,-6,-46,-24,-70,-260,-179,-439,-2759,-3576,-6335
0127_botkyrka,2013,87580,255275,200077,228515,273637,214760,244468,44495,43085,0.15347894,0.2126406,0.182246337,0.750809664,0.679979579,0.716341468,-158,-209,-367,-1013,-1673,-2686,-17,-29,-46,-63,-53,-116,-288,-416,-704,-3047,-3992,-7039
0127_botkyrka,2014,88901,260950,203174,232413,278351,218905,248857,45155,43746,0.154589372,0.220233908,0.186521516,0.751074854,0.691288391,0.721929263,-192,-138,-330,-1205,-1811,-3016,25,3,28,-38,-50,-88,-300,-272,-572,-3347,-4264,-7611
0162_danderyd,2000,29570,307692,185352,226315,475138,215797,337194,14213,15357,0.503185596,0.43144849,0.466056394,0.811796711,0.762803871,0.786727855,-7,-10,-17,-7,-10,-17,9,23,32,9,23,32,-86,-41,-127,-86,-41,-127
0162_danderyd,2001,29632,321681,194328,237871,497379,228944,355445,14307,15325,0.506890849,0.44289621,0.473987278,0.801108374,0.766188769,0.783383869,-29,-63,-92,-36,-73,-109,13,-12,1,22,11,33,-66,-76,-142,-152,-117,-269
0162_danderyd,2002,29755,328776,199825,245370,502881,238370,363399,14434,15321,0.516495551,0.447052686,0.480932345,0.790140152,0.755769231,0.772760423,23,-23,0,-13,-96,-109,36,-1,35,58,10,68,35,-43,-8,-117,-160,-277
0162_danderyd,2003,29884,331371,206493,249822,492397,244673,360734,14408,15476,0.520595603,0.453953367,0.48617372,0.768318562,0.744609487,0.756219818,-110,21,-89,-123,-75,-198,-44,24,-20,14,34,48,-103,78,-25,-220,-82,-302
0162_danderyd,2004,30100,340752,212309,258531,511298,254580,375070,14526,15574,0.522609548,0.45990566,0.490219966,0.784244857,0.756799037,0.770237072,7,23,30,-116,-52,-168,25,3,28,39,37,76,-2,56,54,-222,-26,-248
0162_danderyd,2005,30226,348790,219090,264407,533170,266333,391843,14628,15598,0.528449602,0.474355602,0.500575998,0.781872885,0.757477086,0.76943881,-5,-3,-8,-121,-55,-176,26,27,53,65,64,129,34,7,41,-188,-19,-207
0162_danderyd,2006,30492,363696,229088,278629,558694,280808,411447,14754,15738,0.53276314,0.487562189,0.50957211,0.805388471,0.770130183,0.787417056,140,39,179,19,-16,3,124,94,218,189,158,347,171,96,267,-17,77,60
0162_danderyd,2007,30789,380259,237876,289110,597147,299828,439563,14878,15911,0.536229872,0.499016393,0.517094882,0.816321406,0.78422637,0.799938537,-2,43,41,17,27,44,36,48,84,225,206,431,3,70,73,-14,147,133
0162_danderyd,2008,30851,396366,246876,302287,616925,311833,455011,14887,15964,0.545915493,0.50709455,0.525920361,0.80897598,0.784481718,0.796443786,-60,7,-53,-43,34,-9,30,13,43,255,219,474,-91,-18,-109,-105,129,24
0162_danderyd,2009,31150,401735,257835,308912,601031,319055,451106,15011,16139,0.545364332,0.516069303,0.53020869,0.791624365,0.771233205,0.781142082,22,58,80,-21,92,71,19,74,93,274,293,567,-4,96,92,-109,225,116
0162_danderyd,2010,31330,404623,256960,311358,626250,326518,467482,15150,16180,0.544596913,0.526210484,0.535085904,0.799415279,0.781585616,0.790268664,12,14,26,-9,106,97,24,55,79,298,348,646,45,0,45,-64,225,161
0162_danderyd,2011,31799,413428,261000,317568,636369,335229,476750,15352,16447,0.552605424,0.540998808,0.546600877,0.802038762,0.778573988,0.789999387,31,43,74,22,149,171,103,116,219,401,464,865,89,161,250,25,386,411
0162_danderyd,2012,31960,420838,271140,328014,629613,347189,480439,15444,16516,0.556575788,0.54868316,0.55251079,0.801019774,0.788697204,0.794722121,28,39,67,50,188,238,51,38,89,452,502,954,58,56,114,83,442,525
0162_danderyd,2013,32222,427858,280201,336705,637575,361674,491707,15600,16622,0.55967946,0.550591327,0.554982001,0.800445379,0.782124868,0.791034898,25,45,70,75,233,308,32,20,52,484,522,1006,20,20,40,103,462,565
0162_danderyd,2014,32295,433200,285060,343504,657042,375034,508553,15728,16567,0.560614525,0.560718057,0.560667752,0.79700172,0.782368173,0.789527474,-38,-57,-95,37,176,213,29,18,47,513,540,1053,21,-66,-45,124,396,520
0125_ekero,2000,22266,248520,179759,209507,299349,189630,243681,11078,11188,0.193384641,0.212793109,0.203215902,0.860691968,0.821991888,0.841201392,79,79,158,79,79,158,38,48,86,38,48,86,85,97,182,85,97,182
0125_ekero,2001,22626,260941,189238,219864,315761,200248,256937,11217,11409,0.194462541,0.217741935,0.206274069,0.861090026,0.823485748,0.84207761,23,49,72,102,128,230,13,37,50,51,85,136,45,78,123,130,175,305
0125_ekero,2002,22936,269396,196351,226668,318070,207896,262143,11403,11533,0.201576577,0.229996862,0.215965052,0.860384731,0.818222222,0.839152492,78,50,128,180,178,358,52,59,111,103,144,247,78,37,115,208,212,420
0125_ekero,2003,23311,275919,202016,234306,320744,216024,267590,11604,11707,0.203623537,0.236366469,0.220229158,0.847488038,0.814699793,0.831003717,59,55,114,239,233,472,35,40,75,138,184,322,76,56,132,284,268,552
0125_ekero,2004,23594,281209,211805,241305,329064,225382,276364,11733,11861,0.205549354,0.246946034,0.22656618,0.854141836,0.82597212,0.83994973,41,52,93,280,285,565,21,38,59,159,222,381,24,21,45,308,289,597
0125_ekero,2005,24010,287762,216536,246343,340914,231121,285294,11976,12034,0.206289308,0.263933671,0.235454051,0.844235846,0.822707424,0.833430742,73,39,112,353,324,677,31,56,87,190,278,468,117,65,182,425,354,779
0125_ekero,2006,24301,297369,221913,254122,349917,238610,293451,12141,12160,0.211391019,0.278209228,0.245253897,0.856601574,0.831990794,0.844216013,43,59,102,396,383,779,54,75,129,244,353,597,47,36,83,472,390,862
0125_ekero,2007,24687,311428,231183,265316,366963,250459,307650,12314,12373,0.216871262,0.288560998,0.253326114,0.860224457,0.835852824,0.847906004,6,36,42,402,419,821,47,64,111,291,417,708,44,81,125,516,471,987
0125_ekero,2008,24779,322113,242012,276933,380588,261928,320303,12359,12420,0.220581229,0.300784253,0.261328125,0.865965834,0.842869465,0.854328142,0,-16,-16,402,403,805,31,55,86,322,472,794,-90,-67,-157,426,404,830
0125_ekero,2009,25095,328253,248085,283362,384707,268836,325784,12503,12592,0.227164416,0.31351517,0.271117698,0.853960396,0.825850729,0.83977781,32,50,82,434,453,887,53,81,134,375,553,928,4,35,39,430,439,869
0125_ekero,2010,25410,334449,251368,286323,386951,273443,329236,12680,12730,0.230513308,0.319601838,0.275813736,0.855680507,0.835694051,0.845598742,26,-24,2,460,429,889,40,37,77,415,590,1005,47,-45,2,477,394,871
0125_ekero,2011,25767,341176,258667,295078,399900,281443,339749,12860,12907,0.234497954,0.331154022,0.283659423,0.860759494,0.835866685,0.848190396,60,73,133,520,502,1022,42,64,106,457,654,1111,50,93,143,527,487,1014
0125_ekero,2012,26160,348823,264271,302349,410020,289868,349129,13086,13074,0.234935998,0.342033384,0.289242844,0.865701027,0.839917127,0.852693192,24,-19,5,544,483,1027,41,50,91,498,704,1202,76,39,115,603,526,1129
0125_ekero,2013,26355,355353,270564,309016,415521,297499,355877,13230,13125,0.237750385,0.346851654,0.29258947,0.861872305,0.847120563,0.854469854,5,-11,-6,549,472,1021,45,29,74,543,733,1276,23,-53,-30,626,473,1099
0125_ekero,2014,26698,357474,277045,315188,425915,307724,366345,13431,13267,0.244891781,0.356413337,0.300866943,0.859351484,0.847930045,0.853636861,41,22,63,590,494,1084,77,79,156,620,812,1432,63,40,103,689,513,1202
0136_haninge,2000,69644,216410,166129,187769,230467,166640,198285,34752,34892,0.107085265,0.112225064,0.109635985,0.800749334,0.758890012,0.780004098,243,201,444,243,201,444,49,64,113,49,64,113,225,176,401,225,176,401
0136_haninge,2001,70432,226015,174096,196728,241533,175529,208306,35155,35277,0.111310146,0.118803852,0.115022472,0.802646823,0.767381741,0.785170034,190,102,292,433,303,736,67,32,99,116,96,212,125,95,220,350,271,621
0136_haninge,2002,70902,233389,180911,203804,247929,182496,214955,35367,35535,0.115603786,0.126417662,0.120964518,0.799902283,0.764586436,0.782383884,79,42,121,512,345,857,-4,34,30,112,130,242,-91,-44,-135,259,227,486
0136_haninge,2003,71377,237708,184365,208162,251099,187757,219214,35656,35721,0.119207588,0.129800191,0.124454638,0.786063461,0.747118123,0.766757054,-43,-123,-166,469,222,691,19,-18,1,131,112,243,-73,-178,-251,186,49,235
0136_haninge,2004,71355,241688,189556,212227,256216,192356,224016,35631,35724,0.121156242,0.136759889,0.128915059,0.783134698,0.744951214,0.764129207,-181,-187,-368,288,35,323,-42,-28,-70,89,84,173,-366,-317,-683,-180,-268,-448
0136_haninge,2005,71837,244767,192581,215759,262077,197073,229276,35825,36012,0.12238806,0.143760667,0.133026835,0.773324928,0.740527295,0.75698949,-69,-108,-177,219,-73,146,-52,-44,-96,37,40,77,-129,-118,-247,-309,-386,-695
0136_haninge,2006,72956,250590,197287,221563,267778,202314,234877,36496,36460,0.124216552,0.147722713,0.135874027,0.786654804,0.743639656,0.765335427,52,-115,-63,271,-188,83,-4,-61,-65,33,-21,12,98,-110,-12,-211,-496,-707
0136_haninge,2007,73698,260839,202858,229173,276055,209199,242455,36897,36801,0.125780553,0.155101632,0.140366607,0.802899322,0.750901713,0.77711961,-91,-82,-173,180,-270,-90,-54,-8,-62,-21,-29,-50,-163,-184,-347,-374,-680,-1054
0136_haninge,2008,74968,271326,210632,238155,287127,216445,251588,37621,37347,0.125382112,0.162164866,0.143641059,0.805780042,0.749598644,0.777903169,5,19,24,185,-251,-66,-21,7,-14,-42,-22,-64,41,-41,0,-333,-721,-1054
0136_haninge,2009,76237,273881,214660,241934,285474,220306,252743,38254,37983,0.124479702,0.166907983,0.145488257,0.777334432,0.73476258,0.756272873,22,4,26,207,-247,-40,-27,-43,-70,-69,-65,-134,-19,-4,-23,-352,-725,-1077
0136_haninge,2010,77054,276224,215792,243207,288758,222710,255595,38654,38400,0.124211453,0.172434487,0.148052911,0.78925139,0.747533909,0.768617543,-70,-74,-144,137,-321,-184,-42,-8,-50,-111,-73,-184,-143,-124,-267,-495,-849,-1344
0136_haninge,2011,78326,283289,218868,247053,295659,227220,261418,39382,38944,0.126782961,0.180826807,0.153423252,0.797345843,0.750761598,0.77439482,103,20,123,240,-301,-61,22,42,64,-89,-31,-120,81,56,137,-414,-793,-1207
0136_haninge,2012,79430,291712,225240,255454,302832,233882,268386,39970,39460,0.12837227,0.187632213,0.15750774,0.800942531,0.756746271,0.779209768,101,-9,92,341,-310,31,26,13,39,-63,-18,-81,-34,-104,-138,-448,-897,-1345
0136_haninge,2013,80932,297236,230541,261070,307972,239350,273788,40816,40116,0.12975811,0.195518753,0.162008504,0.804088307,0.754274506,0.779704882,184,-8,176,525,-318,207,21,15,36,-42,-3,-45,230,53,283,-218,-844,-1062
0136_haninge,2014,82407,301245,234721,265436,311542,245489,278734,41619,40788,0.130558357,0.204909387,0.166901012,0.80488585,0.759731262,0.78286159,144,47,191,669,-271,398,4,67,71,-38,64,26,131,31,162,-87,-813,-900
0126_huddinge,2000,84535,221161,169320,191489,248019,173252,209806,41869,42666,0.158930608,0.171793898,0.165364968,0.795916017,0.763421986,0.779621125,261,286,547,261,286,547,152,136,288,152,136,288,315,332,647,315,332,647
0126_huddinge,2001,85700,231451,177772,200808,259251,183657,220632,42514,43186,0.166122688,0.180135873,0.173143179,0.790980646,0.76889694,0.779896966,71,99,170,332,385,717,77,64,141,229,200,429,39,53,92,354,385,739
0126_huddinge,2002,86457,237686,183224,206956,264054,189342,225883,42897,43560,0.167796681,0.186741247,0.177287446,0.785768271,0.764538156,0.775114843,-104,-161,-265,228,224,452,-55,-50,-105,174,150,324,-217,-245,-462,137,140,277
0126_huddinge,2003,87121,240621,188962,211747,266556,195956,230556,43298,43823,0.169253052,0.193398766,0.181321411,0.774008744,0.751154843,0.762561372,-96,-175,-271,132,49,181,-28,-60,-88,146,90,236,-231,-367,-598,-94,-227,-321
0126_huddinge,2004,87681,244544,193644,215872,271132,201084,235406,43547,44134,0.172820598,0.204865979,0.18887374,0.775045126,0.75410266,0.764554634,-35,-40,-75,97,9,106,-8,48,40,138,138,276,-145,-141,-286,-239,-368,-607
0126_huddinge,2005,88750,249552,197178,219952,278590,205429,241264,44077,44673,0.176644494,0.216558946,0.196639344,0.764916334,0.749424861,0.757153747,-45,-35,-80,52,-26,26,-15,-18,-33,123,120,243,-34,-96,-130,-273,-464,-737
0126_huddinge,2006,90182,254991,201998,225397,284027,211074,246947,44827,45355,0.179554656,0.223406843,0.201466537,0.771785296,0.753648763,0.762735494,-102,-171,-273,-50,-197,-247,23,-21,2,146,99,245,-146,-190,-336,-419,-654,-1073
0126_huddinge,2007,91827,264299,209865,233268,294282,219249,256344,45826,46001,0.184615385,0.236305092,0.210333433,0.786047346,0.759602794,0.77291772,64,-37,27,14,-234,-220,77,99,176,223,198,421,26,-69,-43,-393,-723,-1116
0126_huddinge,2008,94209,273881,216411,242226,303563,226953,264872,47034,47175,0.191476051,0.247312681,0.219194266,0.787254868,0.751882905,0.76971192,192,129,321,206,-105,101,116,99,215,339,297,636,213,236,449,-180,-487,-667
0126_huddinge,2009,95798,274680,220973,245011,301861,230994,266172,47873,47925,0.196101891,0.256864899,0.226236333,0.762053571,0.732818533,0.747595903,-39,-183,-222,167,-288,-121,31,61,92,370,358,728,-177,-222,-399,-357,-709,-1066
0126_huddinge,2010,97453,279846,221356,247760,305702,233548,269423,48848,48605,0.203146375,0.267989593,0.235216164,0.77313705,0.746181491,0.759815558,-22,-15,-37,145,-303,-158,77,75,152,447,433,880,-95,-111,-206,-452,-820,-1272
0126_huddinge,2011,99049,286632,227142,253896,313652,241014,277267,49788,49261,0.212824062,0.28004461,0.245970342,0.782149012,0.750513699,0.766590312,-31,-95,-126,114,-398,-284,100,75,175,547,508,1055,-39,-173,-212,-491,-993,-1484
0126_huddinge,2012,101010,294315,234834,261600,322225,248760,285518,50849,50161,0.217985348,0.291080526,0.253852468,0.785159171,0.758008321,0.771851582,98,-15,83,212,-413,-201,88,98,186,635,606,1241,54,-17,37,-437,-1010,-1447
0126_huddinge,2013,102557,299558,240199,267203,327705,256249,292030,51633,50924,0.221669012,0.299506721,0.259756053,0.786071085,0.756148911,0.771429506,-6,-104,-110,206,-517,-311,45,-5,40,680,601,1281,-100,-110,-210,-537,-1120,-1657
0126_huddinge,2014,104185,304696,243319,271605,332546,261572,297072,52424,51761,0.226418452,0.30756122,0.266178953,0.788613517,0.761569118,0.775368981,-49,-5,-54,157,-522,-365,98,110,208,778,711,1489,-92,23,-69,-629,-1097,-1726
0123_jarfalla,2000,60471,238170,174964,201670,271819,178945,224078,29923,30548,0.17944061,0.178881842,0.179156978,0.816336526,0.778647348,0.797221552,43,28,71,43,28,71,36,58,94,36,58,94,-81,-24,-105,-81,-24,-105
0123_jarfalla,2001,61132,248185,183043,210318,281123,188174,233502,30271,30861,0.187086389,0.186582809,0.186831639,0.812032086,0.781822958,0.796793428,185,94,279,228,122,350,111,45,156,147,103,250,134,74,208,53,50,103
0123_jarfalla,2002,61290,255531,189833,217403,284377,194878,238476,30326,30964,0.19246363,0.198862317,0.195705882,0.811242826,0.781271396,0.796120117,-34,4,-30,194,126,320,24,66,90,171,169,340,-158,-101,-259,-105,-51,-156
0123_jarfalla,2003,61473,260205,194444,221940,287055,201147,242974,30378,31095,0.196297402,0.203919739,0.200153442,0.798987941,0.768986504,0.783859518,-11,-39,-50,183,87,270,27,-6,21,198,163,361,-160,-130,-290,-265,-181,-446
0123_jarfalla,2004,61564,262549,198634,225640,292107,206148,248038,30485,31079,0.198824447,0.213373183,0.206183122,0.792940794,0.767042118,0.779890793,-90,-114,-204,93,-27,66,1,-8,-7,199,155,354,-62,-207,-269,-327,-388,-715
0123_jarfalla,2005,61743,266330,201583,228864,297699,211466,253538,30588,31155,0.201476857,0.221556182,0.211623556,0.790687554,0.761671687,0.77609801,-30,-83,-113,63,-110,-47,9,-34,-25,208,121,329,-20,-71,-91,-347,-459,-806
0123_jarfalla,2006,62342,272864,206191,235173,304682,217368,260064,30953,31389,0.204098754,0.227701746,0.215992866,0.791484303,0.764376179,0.777912687,17,-89,-72,80,-199,-119,1,1,2,209,122,331,12,-129,-117,-335,-588,-923
0123_jarfalla,2007,63427,281122,212759,242559,314918,224571,268801,31565,31862,0.206389814,0.240101343,0.223327413,0.814757261,0.772354675,0.793554264,70,49,119,150,-150,0,23,43,66,232,165,397,136,58,194,-199,-530,-729
0123_jarfalla,2008,64355,292224,221038,252371,322202,233700,277078,31994,32361,0.20773376,0.250029312,0.228988069,0.810651516,0.766824493,0.788758969,59,24,83,209,-126,83,28,55,83,260,220,480,100,126,226,-99,-404,-503
0123_jarfalla,2009,65295,295777,224621,255971,325048,235984,279552,32409,32886,0.208330868,0.255408724,0.23200894,0.788474792,0.748069804,0.768247161,-25,-8,-33,184,-134,50,-1,10,9,259,230,489,-80,15,-65,-179,-389,-568
0123_jarfalla,2010,66211,297404,224292,257194,325783,237273,280733,32976,33235,0.211624354,0.264432357,0.23809105,0.800743222,0.758604332,0.779747367,42,-86,-44,226,-220,6,55,26,81,314,256,570,97,-39,58,-82,-428,-510
0123_jarfalla,2011,67320,302808,227220,261122,331324,243020,286434,33564,33756,0.215981471,0.276102088,0.246015648,0.80242661,0.760427475,0.781521936,58,92,150,284,-128,156,44,78,122,358,334,692,136,80,216,54,-348,-294
0123_jarfalla,2012,68210,309768,233489,268376,338867,249702,293626,34030,34180,0.219103381,0.280856714,0.249892065,0.803726456,0.761651887,0.78285115,-1,-16,-17,283,-144,139,36,33,69,394,367,761,37,-18,19,91,-366,-275
0123_jarfalla,2013,69167,313303,237648,272764,341497,255066,297596,34514,34653,0.218920145,0.28861602,0.253565317,0.808495682,0.762590663,0.785739606,20,15,35,303,-129,174,21,26,47,415,393,808,9,4,13,100,-362,-262
0123_jarfalla,2014,70701,317660,238524,275679,346950,258864,302312,35371,35330,0.219475697,0.298442858,0.258679393,0.804099002,0.762605042,0.783583935,204,137,341,507,8,515,76,149,225,491,542,1033,304,238,542,404,-124,280
0186_lidingo,2000,40584,262248,179256,211654,379961,202558,285206,19325,21259,0.382301058,0.333915923,0.357342823,0.811235357,0.773303129,0.791736749,-17,-7,-24,-17,-7,-24,14,3,17,14,3,17,-61,9,-52,-61,9,-52
0186_lidingo,2001,40895,274097,187451,221394,398826,213996,299935,19455,21440,0.388087346,0.342440801,0.364488182,0.806981882,0.777158079,0.7916238,29,34,63,12,27,39,51,46,97,65,49,114,59,85,144,-2,94,92
0186_lidingo,2002,41192,280816,195283,228775,401729,221900,305681,19636,21556,0.391211975,0.353005069,0.371489978,0.799525191,0.775432497,0.787115204,24,67,91,36,94,130,16,40,56,81,89,170,69,75,144,67,169,236
0186_lidingo,2003,41194,286117,200942,234180,399868,228835,308452,19667,21527,0.394869313,0.358452878,0.376077586,0.788975403,0.762325853,0.775258706,-28,-85,-113,8,9,17,22,8,30,103,97,200,-66,-132,-198,1,37,38
0186_lidingo,2004,41407,292939,206809,239586,411820,237739,318903,19807,21600,0.398046988,0.366252156,0.38164794,0.79329806,0.769147248,0.78089478,1,20,21,9,29,38,16,-3,13,119,94,213,-18,-8,-26,-17,29,12
0186_lidingo,2005,41892,300150,211645,246208,431606,246420,332776,20015,21877,0.403142364,0.381201988,0.3918523,0.793369584,0.777537617,0.785241774,82,100,182,91,129,220,66,73,139,185,167,352,92,185,277,75,214,289
0186_lidingo,2006,42321,308817,219690,254682,452080,256678,348035,20280,22041,0.407117641,0.391394365,0.399027327,0.804795118,0.791221532,0.797833935,59,57,116,150,186,336,68,75,143,253,242,495,107,106,213,182,320,502
0186_lidingo,2007,42710,323166,229436,265866,476135,269144,365688,20422,22288,0.413589083,0.40155928,0.407385156,0.81520886,0.791913215,0.80321557,-9,72,63,141,258,399,64,56,120,317,298,615,21,102,123,203,422,625
0186_lidingo,2008,43111,335299,239733,277186,497277,280032,381490,20648,22463,0.412739217,0.411964893,0.41234021,0.814605766,0.795233025,0.804636459,85,66,151,226,324,550,79,67,146,396,365,761,80,101,181,283,523,806
0186_lidingo,2009,43445,339894,247362,284011,483413,285712,378241,20887,22558,0.40891269,0.420088042,0.414674819,0.797148074,0.776502419,0.786522069,44,-33,11,270,291,561,11,21,32,407,386,793,15,-69,-54,298,454,752
0186_lidingo,2010,44017,342094,246515,284855,496460,291804,387727,21173,22844,0.411348196,0.429609039,0.420774892,0.807383073,0.79000245,0.798446031,51,73,124,321,364,685,57,55,112,464,441,905,111,122,233,409,576,985
0186_lidingo,2011,44081,348732,250636,290892,509676,300600,399071,21276,22805,0.414761216,0.442550104,0.429085639,0.816096928,0.792232371,0.803863675,-18,-69,-87,303,295,598,17,-7,10,481,434,915,-48,-140,-188,361,436,797
0186_lidingo,2012,44434,357838,260685,301156,513543,310748,406370,21482,22952,0.417874628,0.451794128,0.435323731,0.818517564,0.796698807,0.807336376,40,41,81,343,336,679,58,81,139,539,515,1054,62,91,153,423,527,950
0186_lidingo,2013,45178,367380,267356,307830,520349,318724,413916,21868,23310,0.423145961,0.459403997,0.441793236,0.812410178,0.79317817,0.802544362,118,79,197,461,415,876,104,64,168,643,579,1222,191,168,359,614,695,1309
0186_lidingo,2014,45465,372753,270612,313385,530861,330050,425043,22051,23414,0.42621104,0.468132654,0.447685334,0.810888011,0.793923806,0.802218115,-3,1,-2,458,416,874,58,33,91,701,612,1313,7,1,8,621,696,1317
0182_nacka,2000,74974,239857,178020,203198,307445,189975,246525,36661,38313,0.266202569,0.262913717,0.26453784,0.810152057,0.783589923,0.796722979,246,263,509,246,263,509,178,211,389,178,211,389,186,298,484,186,298,484
0182_nacka,2001,75741,252345,187198,213691,327331,201615,262172,37070,38671,0.272613187,0.274299991,0.273466565,0.811387585,0.793466032,0.802324055,125,201,326,371,464,835,114,145,259,292,356,648,14,27,41,200,325,525
0182_nacka,2002,76624,260226,195492,222482,329915,210136,267919,37557,39067,0.280336729,0.285581048,0.282992137,0.809536331,0.791311061,0.800325133,195,157,352,566,621,1187,146,149,295,438,505,943,90,67,157,290,392,682
0182_nacka,2003,77470,264476,202000,228160,330990,218131,272506,37966,39504,0.285693916,0.293279022,0.289536629,0.801789612,0.78518487,0.793385935,85,172,257,651,793,1444,115,120,235,553,625,1178,45,95,140,335,487,822
0182_nacka,2004,78715,271726,208417,234641,339579,225866,280672,38625,40090,0.29177408,0.304333956,0.298142243,0.805387671,0.790452494,0.797832626,283,214,497,934,1007,1941,191,181,372,744,806,1550,286,245,531,621,732,1353
0182_nacka,2005,80247,279729,213572,240591,354879,234716,292680,39393,40854,0.299093516,0.320069902,0.309747605,0.801650783,0.789016741,0.795258213,275,294,569,1209,1301,2510,186,214,400,930,1020,1950,332,365,697,953,1097,2050
0182_nacka,2006,82421,289307,220400,248968,366975,243632,303231,40521,41900,0.305234534,0.332470382,0.319072567,0.816058091,0.799562328,0.80771281,383,426,809,1592,1727,3319,225,304,529,1155,1324,2479,562,603,1165,1515,1700,3215
0182_nacka,2007,84303,302500,230520,260302,389622,255857,320517,41426,42877,0.312527884,0.344543257,0.328798982,0.828786952,0.805783152,0.817142167,242,297,539,1834,2024,3858,223,244,467,1378,1568,2946,290,450,740,1805,2150,3955
0182_nacka,2008,85661,315434,241007,271818,402792,266172,332255,42126,43535,0.316449504,0.354914832,0.336026554,0.830614145,0.805587252,0.81792242,143,160,303,1977,2184,4161,136,164,300,1514,1732,3246,127,126,253,1932,2276,4208
0182_nacka,2009,88085,318184,246530,277372,401208,271942,334484,43394,44691,0.322293105,0.365180378,0.344124083,0.809778306,0.791335851,0.800433543,397,407,804,2374,2591,4965,230,285,515,1744,2017,3761,610,611,1221,2542,2887,5429
0182_nacka,2010,90108,322459,250000,281082,406663,277218,339838,44389,45719,0.327114536,0.37581822,0.351923036,0.822620905,0.803500398,0.812921575,265,276,541,2639,2867,5506,187,195,382,1931,2212,4143,369,435,804,2911,3322,6233
0182_nacka,2011,91616,332040,256793,289939,417666,286817,350238,45184,46432,0.332620321,0.385943842,0.359714652,0.82667894,0.808014107,0.817243865,171,195,366,2810,3062,5872,152,157,309,2083,2369,4452,144,161,305,3055,3483,6538
0182_nacka,2012,92873,341246,267882,300053,424448,297779,359222,45804,47069,0.332766319,0.393763865,0.363792131,0.828933394,0.814480478,0.821631665,81,123,204,2891,3185,6076,19,139,158,2102,2508,4610,81,129,210,3136,3612,6748
0182_nacka,2013,94423,348534,274366,306183,430190,306468,366568,46647,47776,0.33605596,0.402121779,0.369584949,0.830233774,0.813842482,0.821968785,218,202,420,3109,3387,6496,151,179,330,2253,2687,4940,220,233,453,3356,3845,7201
0182_nacka,2014,96217,355910,281334,314258,442856,315928,377619,47595,48622,0.33911471,0.41028521,0.375131953,0.834627129,0.816561617,0.825524303,292,309,601,3401,3696,7097,201,234,435,2454,2921,5375,344,403,747,3700,4248,7948
0188_norrtalje,2000,52611,198045,144048,169427,210949,147048,178809,26386,26225,0.090694176,0.116252822,0.103159749,0.809432969,0.756418241,0.783596938,152,105,257,152,105,257,26,7,33,26,7,33,287,258,545,287,258,545
0188_norrtalje,2001,53286,204802,150379,175942,219754,154548,186959,26698,26588,0.093211322,0.123973059,0.10826572,0.813380053,0.768718576,0.791562946,147,152,299,299,257,556,33,65,98,59,72,131,242,321,563,529,579,1108
0188_norrtalje,2002,53702,214312,157970,183960,228492,162503,195375,26929,26773,0.096125344,0.130810093,0.113083,0.817023741,0.770850257,0.794524163,164,111,275,463,368,831,40,31,71,99,103,202,240,168,408,769,747,1516
0188_norrtalje,2003,54021,218741,163798,189669,234369,171245,202715,27142,26879,0.097670502,0.136473696,0.116638571,0.804051895,0.759760366,0.782480412,153,110,263,616,478,1094,12,30,42,111,133,244,239,132,371,1008,879,1887
0188_norrtalje,2004,54366,222928,167048,193893,238726,175444,206940,27248,27118,0.099293261,0.143585263,0.120999108,0.805064258,0.7643682,0.78520473,73,105,178,689,583,1272,16,40,56,127,173,300,140,197,337,1148,1076,2224
0188_norrtalje,2005,54596,227170,171420,197581,243536,180310,211756,27370,27226,0.100175009,0.152351369,0.125853242,0.800470528,0.762002653,0.781640536,91,98,189,780,681,1461,0,21,21,127,194,321,164,117,281,1312,1193,2505
0188_norrtalje,2006,54836,234037,176484,203615,251991,185852,218710,27439,27397,0.102075154,0.158167302,0.129761778,0.814122137,0.767327059,0.791123476,30,70,100,810,751,1561,28,10,38,155,204,359,73,138,211,1385,1331,2716
0188_norrtalje,2007,55225,243570,180867,210960,262187,192904,227311,27612,27613,0.102224093,0.165239911,0.133338069,0.827078174,0.77628474,0.802083669,48,31,79,858,782,1640,12,41,53,167,245,412,126,159,285,1511,1490,3001
0188_norrtalje,2008,55528,252421,188276,218637,271446,199953,235380,27713,27815,0.101129181,0.171020349,0.135795841,0.822226478,0.771093801,0.796981547,12,49,61,870,831,1701,-3,49,46,164,294,458,71,182,253,1582,1672,3254
0188_norrtalje,2009,55927,256697,193871,223120,275540,205304,240080,27882,28045,0.10292851,0.175559756,0.139013291,0.797511385,0.754069425,0.775997151,-12,75,63,858,906,1764,34,23,57,198,317,515,94,173,267,1676,1845,3521
0188_norrtalje,2010,56080,259247,194793,224371,277234,208440,242582,28031,28049,0.102440081,0.180870587,0.14132848,0.812688048,0.772611005,0.792892316,38,-3,35,896,903,1799,15,38,53,213,355,568,100,-37,63,1776,1808,3584
0188_norrtalje,2011,56245,266297,198217,228854,286449,213596,249798,28157,28088,0.103397987,0.186981635,0.144867367,0.827140653,0.783819454,0.805763595,31,-8,23,927,895,1822,21,15,36,234,370,604,101,30,131,1877,1838,3715
0188_norrtalje,2012,56634,273585,205043,235643,291779,221078,256241,28356,28278,0.102187111,0.191666049,0.146623463,0.822668635,0.790818337,0.806926997,59,62,121,986,957,1943,27,29,56,261,399,660,125,167,292,2002,2005,4007
0188_norrtalje,2013,56845,278983,210396,241287,297705,227185,262333,28512,28333,0.102377133,0.194963868,0.14817408,0.827383237,0.785004279,0.806495571,54,15,69,1040,972,2012,19,19,38,280,418,698,144,80,224,2146,2085,4231
0188_norrtalje,2014,57568,281927,212671,243866,301120,231868,266465,28951,28617,0.101699798,0.198666667,0.14950336,0.824895583,0.788518252,0.807024887,134,91,225,1174,1063,2237,24,32,56,304,450,754,254,185,439,2400,2270,4670
0140_nykvarn,2000,8052,236714,179079,203934,259210,178587,219746,4098,3954,0.080863675,0.103371783,0.091854419,0.847791798,0.826963461,0.837705918,42,20,62,42,20,62,9,7,16,9,7,16,53,34,87,53,34,87
0140_nykvarn,2001,8090,249289,189360,215619,272955,190056,232517,4137,3953,0.086294416,0.114790287,0.100237632,0.855682265,0.842436975,0.849278895,7,9,16,49,29,78,5,18,23,14,25,39,10,-23,-13,63,11,74
0140_nykvarn,2002,8204,258546,193805,221952,280345,195719,238600,4169,4035,0.088963491,0.124783362,0.106587082,0.858438486,0.833881579,0.846417069,-2,28,26,47,57,104,7,22,29,21,47,68,-8,44,36,55,55,110
0140_nykvarn,2003,8269,261808,200677,228461,285284,203059,244719,4211,4058,0.092483108,0.132697311,0.112323492,0.848616601,0.832236842,0.840588472,-2,1,-1,45,58,103,7,14,21,28,61,89,3,9,12,58,64,122
0140_nykvarn,2004,8328,275511,206209,236911,297614,210485,254475,4230,4098,0.101057082,0.141558442,0.121069519,0.861055975,0.833059885,0.847286665,16,19,35,61,77,138,18,15,33,46,76,122,1,4,5,59,68,127
0140_nykvarn,2005,8354,280688,211307,243126,307804,216574,262594,4245,4109,0.105510466,0.152705061,0.128858191,0.856856455,0.836018174,0.846592065,-3,5,2,58,82,140,7,9,16,53,85,138,-14,-21,-35,45,47,92
0140_nykvarn,2006,8609,291748,220184,251390,313778,227274,271099,4392,4217,0.108458961,0.161359725,0.134550085,0.874756145,0.846996753,0.861149791,75,51,126,133,133,266,15,24,39,68,109,177,99,68,167,144,115,259
0140_nykvarn,2007,8926,306246,226508,264030,336403,234207,285633,4531,4395,0.112676056,0.170701169,0.141580042,0.878039367,0.843392505,0.860905189,65,84,149,198,217,415,13,28,41,81,137,218,104,156,260,248,271,519
0140_nykvarn,2008,9035,320900,237780,276808,351012,244915,298198,4596,4439,0.118546055,0.184660275,0.151452282,0.883595851,0.843614931,0.863830614,36,27,63,234,244,478,17,31,48,98,168,266,24,22,46,272,293,565
0140_nykvarn,2009,9227,314144,243313,277365,339313,247984,293960,4692,4535,0.12860676,0.196126906,0.162373789,0.857902736,0.833786408,0.84597657,18,46,64,252,290,542,16,16,32,114,184,298,38,36,74,310,329,639
0140_nykvarn,2010,9331,324469,247129,282516,351522,253896,303088,4755,4576,0.131677019,0.209784411,0.170706443,0.872066616,0.855486862,0.863862333,36,42,78,288,332,620,6,17,23,120,201,321,30,2,32,340,331,671
0140_nykvarn,2011,9331,334325,254522,290017,360439,261239,311162,4750,4581,0.12776618,0.221235195,0.17419626,0.882262997,0.863422292,0.872966692,-5,-9,-14,283,323,606,-7,10,3,113,211,324,-22,-27,-49,318,304,622
0140_nykvarn,2012,9442,339598,265266,298877,364241,273389,319113,4806,4636,0.131402183,0.231804796,0.181550746,0.88351732,0.869716945,0.876680753,22,28,50,305,351,656,12,21,33,125,232,357,42,26,68,360,330,690
0140_nykvarn,2013,9523,342592,271859,307212,366875,281200,324479,4863,4660,0.133112857,0.240372408,0.186114596,0.877021437,0.856920684,0.867138214,15,-2,13,320,349,669,5,7,12,130,239,369,16,4,20,376,334,710
0140_nykvarn,2014,9815,349669,277191,310647,373164,284473,329321,5015,4800,0.130971338,0.244746601,0.186879935,0.880043228,0.867542214,0.873920235,84,68,152,404,417,821,8,21,29,138,260,398,116,108,224,492,442,934
0192_nynashamn,2000,23965,216209,159108,184300,229702,160700,195078,12039,11926,0.104986482,0.108668342,0.106786427,0.818244549,0.769719734,0.794536985,89,117,206,89,117,206,31,25,56,31,25,56,208,230,438,208,230,438
0192_nynashamn,2001,24332,222773,165220,191520,237372,167256,202184,12219,12113,0.106107891,0.117511166,0.11170776,0.817414966,0.768544734,0.793464687,108,77,185,197,194,391,0,28,28,31,53,84,137,134,271,345,364,709
0192_nynashamn,2002,24528,231876,172746,199008,245999,175172,210432,12313,12215,0.108056171,0.124449172,0.116139667,0.816046701,0.768528916,0.79268461,37,54,91,234,248,482,-8,4,-4,23,57,80,37,48,85,382,412,794
0192_nynashamn,2003,24587,234876,176099,202211,250152,181434,215605,12338,12249,0.107349666,0.12663225,0.116883117,0.803814714,0.752077757,0.778378004,6,-15,-9,240,233,473,-11,-9,-20,12,48,60,-3,-48,-51,379,364,743
0192_nynashamn,2004,24670,239910,182229,209006,254578,187938,221144,12396,12274,0.107196402,0.133272478,0.120138941,0.80787164,0.763463719,0.786032897,-8,-19,-27,232,214,446,-10,1,-9,2,49,51,-11,-41,-52,368,323,691
0192_nynashamn,2005,24648,245499,183402,211686,263646,191879,227581,12352,12296,0.107609185,0.142179369,0.124725316,0.800193183,0.744007942,0.772485662,-6,-62,-68,226,152,378,-6,-2,-8,-4,47,43,-80,-55,-135,288,268,556
0192_nynashamn,2006,24992,248772,186680,214653,266724,195930,231114,12534,12458,0.104730735,0.147744475,0.12605042,0.791905934,0.741429971,0.766959408,16,41,57,242,193,435,-13,11,-2,-17,58,41,106,68,174,394,336,730
0192_nynashamn,2007,25353,256674,191238,221142,275724,201411,238505,12760,12593,0.10607169,0.156047598,0.130696156,0.806659506,0.752255378,0.779908551,52,45,97,294,238,532,15,19,34,-2,77,75,106,76,182,500,412,912
0192_nynashamn,2008,25499,266984,198030,230234,283651,207482,245522,12841,12658,0.108480095,0.161666667,0.1347608,0.808966074,0.746907575,0.778431238,-9,-35,-44,285,203,488,20,9,29,18,86,104,10,-30,-20,510,382,892
0192_nynashamn,2009,25781,270763,204275,234665,285941,212212,249082,12994,12787,0.109709026,0.165137615,0.137014161,0.78726251,0.722923312,0.75566905,28,-2,26,313,201,514,-1,-3,-4,17,83,100,36,-4,32,546,378,924
0192_nynashamn,2010,26032,272613,203612,235620,289324,215256,252450,13137,12895,0.111824425,0.170042971,0.140532768,0.798967024,0.737016575,0.768643094,10,-12,-2,323,189,512,9,-1,8,26,82,108,52,11,63,598,389,987
0192_nynashamn,2011,26248,280017,205266,240563,296245,220125,258394,13276,12972,0.111844078,0.172685185,0.141825095,0.805131579,0.743219055,0.774877212,17,-5,12,340,184,524,5,-18,-13,31,64,95,30,-9,21,628,380,1008
0192_nynashamn,2012,26572,288612,212887,248664,305076,226734,266074,13468,13104,0.111226921,0.181116939,0.145552356,0.802710451,0.752382249,0.778095872,42,51,93,382,235,617,3,31,34,34,95,129,64,66,130,692,446,1138
0192_nynashamn,2013,26796,293262,216919,253467,307673,232735,270329,13569,13227,0.111783816,0.186970584,0.148586506,0.801272066,0.754178557,0.778264622,29,2,31,411,237,648,12,14,26,46,109,155,27,29,56,719,475,1194
0192_nynashamn,2014,27041,297568,218620,256584,313101,238190,275785,13679,13362,0.111843068,0.193785397,0.151900629,0.807627883,0.764801517,0.78675208,61,40,101,472,277,749,13,29,42,59,138,197,71,64,135,790,539,1329
0128_salem,2000,13766,241389,177322,203718,277234,180272,227019,6764,7002,0.161000816,0.181394144,0.171443737,0.846766169,0.805621725,0.825748357,59,45,104,59,45,104,33,20,53,33,20,53,99,66,165,99,66,165
0128_salem,2001,13839,250273,186612,213329,289520,191904,239265,6809,7030,0.165215024,0.183483871,0.174592661,0.84872691,0.819164265,0.833659731,-11,-32,-43,48,13,61,6,-14,-8,39,6,45,-28,-27,-55,71,39,110
0128_salem,2002,13875,257668,195054,221058,286999,200402,242613,6845,7030,0.168076398,0.189258972,0.178959936,0.842907093,0.824242424,0.833435847,-2,-12,-14,46,1,47,4,3,7,43,9,52,-28,-57,-85,43,-18,25
0128_salem,2003,14057,263299,202180,227329,289090,209454,248029,6905,7152,0.172620671,0.19524179,0.184231484,0.835134456,0.823089901,0.82898622,12,35,47,58,36,94,10,27,37,53,36,89,11,59,70,54,41,95
0128_salem,2004,14127,267289,207942,232436,297786,215787,255459,6947,7180,0.177961433,0.196614583,0.187550201,0.838422392,0.827611395,0.832897847,-16,-9,-25,42,27,69,10,-9,1,63,27,90,-20,-13,-33,34,28,62
0128_salem,2005,14334,275262,210796,237559,306206,221206,262326,7042,7292,0.184785615,0.217617931,0.201690821,0.831730769,0.827878788,0.829763526,10,39,49,52,66,118,24,46,70,87,73,160,27,34,61,61,62,123
0128_salem,2006,14715,284222,215509,244396,313223,226459,268602,7239,7476,0.191910966,0.231644261,0.212261653,0.842274413,0.83029722,0.836193258,51,50,101,103,116,219,35,39,74,122,112,234,80,83,163,141,145,286
0128_salem,2007,15065,295346,224827,254861,326575,235441,279732,7419,7646,0.194600374,0.246424923,0.221104871,0.853534127,0.835056391,0.844141885,64,50,114,167,166,333,27,48,75,149,160,309,86,103,189,227,248,475
0128_salem,2008,15177,308058,235377,267117,340360,245717,291780,7461,7716,0.198871271,0.253673627,0.226842105,0.851996105,0.825178147,0.838422698,-27,-37,-64,140,129,269,6,11,17,155,171,326,-58,-34,-92,169,214,383
0128_salem,2009,15313,309884,241111,272569,339375,251612,294435,7542,7771,0.202159244,0.261935821,0.232555054,0.831596802,0.812737643,0.822075585,-19,-3,-22,121,126,247,6,2,8,161,173,334,-11,-15,-26,158,199,357
0128_salem,2010,15391,314189,242014,275524,342512,255664,298163,7603,7788,0.202968961,0.269432773,0.236656462,0.840289505,0.822227511,0.831196837,-21,-39,-60,100,87,187,10,11,21,171,184,355,-31,-44,-75,127,155,282
0128_salem,2011,15694,322350,246751,280804,351161,259048,303938,7729,7965,0.202626642,0.277921406,0.240952757,0.850756859,0.822371468,0.836414697,27,68,95,127,155,282,0,29,29,171,213,384,32,86,118,159,241,400
0128_salem,2012,15881,328323,252825,286875,356091,268153,311056,7827,8054,0.206832627,0.286446323,0.247297825,0.84792734,0.822477064,0.835105154,26,-7,19,153,148,301,28,23,51,199,236,435,12,0,12,171,241,412
0128_salem,2013,16001,333712,258934,292940,363361,277295,319316,7896,8105,0.211528292,0.299200413,0.255908082,0.845653185,0.828901734,0.837255129,-25,-19,-44,128,129,257,24,14,38,223,250,473,-28,-8,-36,143,233,376
0128_salem,2014,16140,338302,264791,298805,367026,278980,321854,7988,8152,0.212496704,0.303871625,0.258971369,0.845475638,0.813272311,0.829262673,-38,-43,-81,90,86,176,14,21,35,237,271,508,-1,-28,-29,142,205,347
0191_sigtuna,2000,35001,221455,167041,191029,250932,168026,208870,17445,17556,0.121018462,0.133910387,0.127451977,0.810927456,0.767645972,0.789352491,-18,-13,-31,-18,-13,-31,-4,17,13,-4,17,13,-77,-63,-140,-77,-63,-140
0191_sigtuna,2001,35518,230626,174401,199244,261898,176540,218589,17697,17821,0.125565497,0.140338505,0.132944196,0.809458969,0.769265888,0.789420976,117,77,194,99,64,163,43,19,62,39,36,75,134,88,222,57,25,82
0191_sigtuna,2002,35771,237412,179761,204301,266651,181208,223369,17833,17938,0.128076846,0.142914735,0.13546897,0.805447471,0.762631339,0.784142571,27,-3,24,126,61,187,16,-24,-8,55,12,67,-29,-59,-88,28,-34,-6
0191_sigtuna,2003,36028,240315,183226,208986,271541,186832,228563,17970,18058,0.129193291,0.148099739,0.138613365,0.794684025,0.74375342,0.769328551,26,-5,21,152,56,208,6,15,21,61,27,88,20,-15,5,48,-49,-1
0191_sigtuna,2004,36322,244408,185644,212356,275915,190619,232600,18110,18212,0.131144259,0.154295498,0.142685009,0.790337201,0.738666423,0.76458286,12,-39,-27,164,17,181,11,1,12,72,28,100,-2,-7,-9,46,-56,-10
0191_sigtuna,2005,36711,249456,189512,215829,283314,195978,238892,18280,18431,0.135178339,0.165562249,0.150333016,0.784690731,0.739486619,0.762129747,13,37,50,177,54,231,17,34,51,89,62,151,49,43,92,95,-13,82
0191_sigtuna,2006,36976,253079,194351,220627,286580,201250,243187,18414,18562,0.137931034,0.171597633,0.154711322,0.788641265,0.746575964,0.767706405,21,-14,7,198,40,238,14,13,27,103,75,178,-28,-40,-68,67,-53,14
0191_sigtuna,2007,37793,263781,199360,229068,297865,208140,252265,18835,18958,0.142212632,0.176634491,0.159298592,0.808872817,0.757335236,0.783246863,88,107,195,286,147,433,40,19,59,143,94,237,127,157,284,194,104,298
0191_sigtuna,2008,38372,273302,206423,237942,309379,216207,262085,19139,19233,0.146897632,0.18592666,0.166289147,0.812663985,0.753760396,0.783383181,60,-43,17,346,104,450,18,16,34,161,110,271,61,-5,56,255,99,354
0191_sigtuna,2009,39219,273473,209259,239438,301446,218857,259577,19586,19633,0.148579682,0.193301998,0.170753022,0.773728886,0.728230582,0.751155657,16,-26,-10,362,78,440,33,10,43,194,120,314,102,91,193,357,190,547
0191_sigtuna,2010,39990,276464,209851,240623,305312,220490,262322,19976,20014,0.151980907,0.202747146,0.177196944,0.783911539,0.737893203,0.761078506,64,0,64,426,78,504,33,30,63,227,150,377,55,82,137,412,272,684
0191_sigtuna,2011,41329,284029,212893,245619,308584,225189,266438,20672,20657,0.155831038,0.21076779,0.183031989,0.799415537,0.738309278,0.769104893,239,114,353,665,192,857,56,54,110,283,204,487,296,222,518,708,494,1202
0191_sigtuna,2012,42272,289355,219902,252234,314289,232815,273206,21175,21097,0.15816005,0.217423268,0.18748579,0.802263912,0.74733441,0.77507696,55,0,55,720,192,912,50,25,75,333,229,562,75,36,111,783,530,1313
0191_sigtuna,2013,43372,291887,223020,256851,317136,236998,276863,21787,21585,0.15999652,0.220933369,0.189962414,0.799282059,0.743856333,0.771995812,137,33,170,857,225,1082,38,-1,37,371,228,599,151,35,186,934,565,1499
0191_sigtuna,2014,44085,296352,227436,260597,320843,241929,281389,22156,21929,0.160955701,0.227228381,0.19339295,0.804821615,0.7509375,0.778494542,45,-116,-71,902,109,1011,26,-3,23,397,225,622,-39,-107,-146,895,458,1353
0163_sollentuna,2000,58048,251263,180929,209648,310378,191665,249135,28600,29448,0.270924136,0.265621141,0.26824242,0.823926204,0.795843244,0.809759164,-15,118,103,-15,118,103,82,109,191,82,109,191,-107,50,-57,-107,50,-57
0163_sollentuna,2001,58266,263757,190858,220861,324179,203852,262216,28740,29526,0.278120282,0.275962013,0.277030394,0.825569358,0.803400397,0.814403562,10,-17,-7,-5,101,96,69,49,118,151,158,309,-126,-180,-306,-233,-130,-363
0163_sollentuna,2002,58515,270653,196959,227000,327082,210712,267359,28928,29587,0.28317142,0.281707543,0.282434198,0.818343263,0.797466917,0.807860137,-17,-93,-110,-22,8,-14,42,-25,17,193,133,326,-122,-186,-308,-355,-316,-671
0163_sollentuna,2003,58884,276218,203404,232689,329631,218893,272689,29106,29778,0.289371314,0.289556474,0.28946468,0.808271974,0.78817706,0.798169336,-15,-14,-29,-37,-6,-43,72,73,145,265,206,471,-109,-87,-196,-464,-403,-867
0163_sollentuna,2004,58897,279202,208333,237562,334855,225390,278545,29136,29761,0.295451658,0.300981123,0.298247818,0.804124913,0.788165748,0.796085348,-153,-128,-281,-190,-134,-324,34,30,64,299,236,535,-279,-270,-549,-743,-673,-1416
0163_sollentuna,2005,59355,286050,212295,242253,347530,234470,289404,29348,30007,0.299968304,0.318955873,0.309555939,0.80037205,0.787630402,0.793956361,98,24,122,-92,-110,-202,80,94,174,379,330,709,70,26,96,-673,-647,-1320
0163_sollentuna,2006,60528,293548,219873,250186,358177,243887,299404,29936,30592,0.30879487,0.331167637,0.320122897,0.809154606,0.794743076,0.801883839,110,127,237,18,17,35,168,162,330,547,492,1039,205,236,441,-468,-411,-879
0163_sollentuna,2007,61387,305047,227906,260782,377010,255300,314598,30406,30981,0.314606742,0.343128834,0.328991337,0.824873529,0.804624212,0.814696486,126,27,153,144,44,188,99,97,196,646,589,1235,116,37,153,-352,-374,-726
0163_sollentuna,2008,62097,318237,239143,272481,393686,267350,328993,30855,31242,0.317807193,0.355737302,0.336916785,0.826683221,0.803797113,0.815213107,27,-39,-12,171,5,176,85,105,190,731,694,1425,32,-65,-33,-320,-439,-759
0163_sollentuna,2009,63347,320151,245147,277538,392163,272595,331007,31517,31830,0.323268971,0.364445528,0.34394612,0.803105935,0.783692461,0.793393011,74,100,174,245,105,350,146,117,263,877,811,1688,199,166,365,-121,-273,-394
0163_sollentuna,2010,64630,321677,246368,279276,394449,277660,334708,32159,32471,0.328117419,0.375510204,0.351936768,0.813239544,0.797062823,0.805141052,142,159,301,387,264,651,162,176,338,1039,987,2026,195,266,461,74,-7,67
0163_sollentuna,2011,65891,329306,251933,286088,404971,286393,344315,32777,33114,0.329573262,0.386511408,0.358180144,0.819792336,0.794688185,0.807230527,87,124,211,474,388,862,71,133,204,1110,1120,2230,172,154,326,246,147,393
0163_sollentuna,2012,66859,338629,260252,295280,412721,294385,352422,33335,33524,0.332297773,0.395155628,0.363756149,0.821807115,0.80137457,0.811629316,137,23,160,611,411,1022,117,86,203,1227,1206,2433,137,-1,136,383,146,529
0163_sollentuna,2013,68145,344972,268665,302898,418176,302583,359239,33897,34248,0.338789625,0.403476565,0.371208418,0.822689205,0.797034818,0.809896705,113,193,306,724,604,1328,182,180,362,1409,1386,2795,158,319,477,541,465,1006
0163_sollentuna,2014,69325,348487,271729,306456,425829,309753,366722,34511,34814,0.345918367,0.411595186,0.378809746,0.81958711,0.795108585,0.807394865,62,33,95,786,637,1423,150,90,240,1559,1476,3035,119,76,195,660,541,1201
0184_solna,2000,56605,211914,167042,186918,239613,175791,206129,27178,29427,0.26809619,0.269330055,0.268708624,0.766356158,0.748886567,0.757661996,281,224,505,281,224,505,82,129,211,82,129,211,282,268,550,282,268,550
0184_solna,2001,56953,223592,176112,196448,250710,185804,216737,27405,29548,0.279393324,0.282657589,0.281010904,0.769114878,0.756147987,0.762667388,119,66,185,400,290,690,29,-40,-11,111,89,200,99,1,100,381,269,650
0184_solna,2002,57585,231814,184404,205056,257766,193029,223920,27718,29867,0.290174151,0.302236803,0.296133671,0.765284536,0.752468341,0.758922864,160,177,337,560,467,1027,65,85,150,176,174,350,190,169,359,571,438,1009
0184_solna,2003,57994,235618,190281,209948,261468,200250,229627,28088,29906,0.298666051,0.311691395,0.305089706,0.756325805,0.74396161,0.750204577,160,87,247,720,554,1274,11,-68,-57,187,106,293,232,89,321,803,527,1330
0184_solna,2004,59098,238693,193285,213329,265206,203754,233199,28610,30488,0.306436065,0.326128528,0.316175628,0.758417465,0.738668188,0.748601624,168,223,391,888,777,1665,13,40,53,200,146,346,280,366,646,1083,893,1976
0184_solna,2005,60575,244556,196901,218066,272601,208719,239474,29448,31127,0.317817543,0.344786797,0.331127853,0.745541023,0.733524788,0.739583333,352,272,624,1240,1049,2289,127,89,216,327,235,562,520,416,936,1603,1309,2912
0184_solna,2006,61717,255549,204204,226364,284268,217684,249867,30085,31632,0.328702208,0.355522272,0.341913272,0.768865179,0.7528229,0.760928158,315,275,590,1555,1324,2879,140,3,143,467,238,705,373,332,705,1976,1641,3617
0184_solna,2007,63318,268667,213643,237561,298122,227403,261600,30912,32406,0.338118942,0.370178841,0.353927063,0.784014729,0.764050341,0.774119048,311,288,599,1866,1612,3478,86,44,130,553,282,835,363,373,736,2339,2014,4353
0184_solna,2008,65289,282716,224012,249937,310481,238748,273712,32050,33239,0.345922747,0.385317731,0.36524111,0.786197503,0.763786162,0.775163067,407,322,729,2273,1934,4207,146,81,227,699,363,1062,598,356,954,2937,2370,5307
0184_solna,2009,66909,287224,231077,255507,312234,243464,277071,32931,33978,0.353074497,0.397008174,0.374575461,0.761968026,0.746156662,0.754191327,166,147,313,2439,2081,4520,34,-21,13,733,342,1075,200,154,354,3137,2524,5661
0184_solna,2010,68144,289829,232855,257442,315976,247310,280936,33639,34505,0.357655386,0.406343568,0.381443555,0.770635024,0.76040774,0.765616008,4,110,114,2443,2191,4634,-92,-38,-130,641,304,945,111,63,174,3248,2587,5835
0184_solna,2011,69946,299070,237018,263655,325340,253031,288561,34623,35323,0.367033795,0.419700959,0.392657757,0.778214391,0.758844574,0.768744062,287,160,447,2730,2351,5081,82,12,94,723,316,1039,371,206,577,3619,2793,6412
0184_solna,2012,71293,311117,245776,275763,335680,262123,298252,35289,36004,0.374675686,0.430819449,0.40204227,0.790477383,0.765659639,0.778321872,183,142,325,2913,2493,5406,85,-49,36,808,267,1075,127,134,261,3746,2927,6673
0184_solna,2013,72740,321624,254688,285836,345103,270383,307156,36070,36670,0.383597525,0.443764638,0.41282742,0.794661107,0.769119339,0.782154257,209,298,507,3122,2791,5913,42,60,102,850,327,1177,146,210,356,3892,3137,7029
0184_solna,2014,74041,330524,261419,294205,356981,277549,316644,36731,37310,0.38887162,0.452298474,0.419748866,0.797186495,0.771596941,0.784641547,196,246,442,3318,3037,6355,24,-2,22,874,325,1199,138,143,281,4030,3280,7310
0180_stockholm,2000,750348,213123,165132,185982,257522,178076,215682,360876,389472,0.27967652,0.289109077,0.284363793,0.760363031,0.741143707,0.75075524,2241,1468,3709,2241,1468,3709,938,679,1617,938,679,1617,1507,600,2107,1507,600,2107
0180_stockholm,2001,754948,223896,173625,195174,272230,188909,228451,363924,391024,0.289047307,0.302686226,0.295821384,0.759374444,0.747206166,0.75329416,800,825,1625,3041,2293,5334,492,276,768,1430,955,2385,-369,-509,-878,1138,91,1229
0180_stockholm,2002,758148,228868,180000,201302,274429,195727,233169,366190,391958,0.296475139,0.314767909,0.305565951,0.750516387,0.741509612,0.746017164,-109,16,-93,2932,2309,5241,102,68,170,1532,1023,2555,-1207,-1220,-2427,-69,-1129,-1198
0180_stockholm,2003,761721,232000,186176,206319,275136,202669,237203,368389,393332,0.301740518,0.324666742,0.313146144,0.736668176,0.730942803,0.733806974,-130,271,141,2802,2580,5382,140,140,280,1672,1163,2835,-1142,-869,-2011,-1211,-1998,-3209
0180_stockholm,2004,765044,235224,190767,210440,280471,208095,242642,370482,394562,0.308215606,0.336828233,0.322458082,0.740022324,0.737693869,0.738858274,-39,113,74,2763,2693,5456,84,4,88,1756,1167,2923,-1227,-1003,-2230,-2438,-3001,-5439
0180_stockholm,2005,771038,240395,195327,215148,290281,214570,250772,373904,397134,0.315246287,0.350102277,0.332599085,0.736876596,0.737568561,0.737222669,279,572,851,3042,3265,6307,333,95,428,2089,1262,3351,-295,28,-267,-2733,-2973,-5706
0180_stockholm,2006,782885,249313,202877,223224,300111,223252,260136,380688,402197,0.320398204,0.36096055,0.340568854,0.75249364,0.752118661,0.752306443,1663,1524,3187,4705,4789,9494,862,589,1451,2951,1851,4802,1064,1020,2084,-1669,-1953,-3622
0180_stockholm,2007,795163,261937,211707,233645,315757,233384,273056,387798,407365,0.32749215,0.372367013,0.349774386,0.771602379,0.76192146,0.766775329,1867,1675,3542,6572,6464,13036,997,516,1513,3948,2367,6315,846,829,1675,-823,-1124,-1947
0180_stockholm,2008,810120,275937,222447,246000,329586,244030,285292,395589,414531,0.333409043,0.381449749,0.357287165,0.77631604,0.761511266,0.76892656,2261,2185,4446,8833,8649,17482,1161,814,1975,5109,3181,8290,1320,1661,2981,497,537,1034
0180_stockholm,2009,829417,279321,228130,250839,328296,248611,287129,405727,423690,0.337125726,0.389366526,0.36308279,0.753619844,0.7448239,0.749230746,2107,2374,4481,10940,11023,21963,932,672,1604,6041,3853,9894,2039,2425,4464,2536,2962,5498
0180_stockholm,2010,847073,284900,230079,254144,334769,253059,292596,414702,432371,0.342410587,0.398506948,0.370306046,0.767881883,0.76054765,0.764217886,2276,2781,5057,13216,13804,27020,1043,910,1953,7084,4763,11847,1962,2696,4658,4498,5658,10156
0180_stockholm,2011,864324,293855,236298,262019,346643,261205,302644,423974,440350,0.347455098,0.406978056,0.377032506,0.77673515,0.763579756,0.770167406,2130,2223,4353,15346,16027,31373,954,474,1428,8038,5237,13275,1431,1884,3315,5929,7542,13471
0180_stockholm,2012,881235,303429,246145,272098,355883,270635,312049,432874,448361,0.351377868,0.414484748,0.382738408,0.781748656,0.769916126,0.775841385,2268,2324,4592,17614,18351,35965,858,422,1280,8896,5659,14555,1371,1735,3106,7300,9277,16577
0180_stockholm,2013,897700,310227,253584,279397,363871,278811,320202,441517,456183,0.355173142,0.422848549,0.388814947,0.784988819,0.771372308,0.778191741,1788,2229,4017,19402,20580,39982,597,632,1229,9493,6291,15784,885,1614,2499,8185,10891,19076
0180_stockholm,2014,911989,316675,259068,285513,372642,286706,328615,449260,462729,0.358083239,0.429806714,0.393729852,0.786756687,0.775915298,0.781350543,1355,1603,2958,20757,22183,42940,326,29,355,9819,6320,16139,-229,251,22,7956,11142,19098
0183_sundbyberg,2000,33868,217621,170251,190484,240768,176184,207323,16477,17391,0.209509947,0.220234486,0.214763107,0.79831036,0.774181851,0.786362004,193,216,409,193,216,409,113,70,183,113,70,183,181,213,394,181,213,394
0183_sundbyberg,2001,33967,230364,180524,201194,255079,187236,219970,16537,17430,0.214644513,0.232609348,0.223467532,0.801206422,0.788793493,0.795057749,15,25,40,208,241,449,-21,-52,-73,92,18,110,-78,-91,-169,103,122,225
0183_sundbyberg,2002,33797,233735,185755,206282,257255,192658,223803,16485,17312,0.216449796,0.242691229,0.229370009,0.791584778,0.774485002,0.783083281,-99,-119,-218,109,122,231,-73,-59,-132,19,-41,-22,-156,-185,-341,-53,-63,-116
0183_sundbyberg,2003,33738,234681,190110,209961,258387,198537,227428,16483,17255,0.214753298,0.24710619,0.230689142,0.772353362,0.757548364,0.764991459,-44,-77,-121,65,45,110,-71,-89,-160,-52,-130,-182,-134,-138,-272,-187,-201,-388
0183_sundbyberg,2004,33816,237114,193379,212687,261790,201678,230704,16529,17287,0.216369689,0.254468769,0.235177474,0.770725157,0.755499459,0.763138981,-35,-41,-76,30,4,34,-36,-70,-106,-88,-200,-288,-114,-105,-219,-301,-306,-607
0183_sundbyberg,2005,34016,241435,195320,216430,265343,205286,234504,16718,17298,0.223190933,0.262165145,0.242336126,0.767529951,0.751081081,0.759397826,63,-77,-14,93,-73,20,-9,-96,-105,-97,-296,-393,54,-165,-111,-247,-471,-718
0183_sundbyberg,2006,34529,247511,201676,221764,270480,211374,240234,17001,17528,0.227989676,0.271720698,0.249389827,0.77578747,0.757643284,0.766849616,17,-13,4,110,-86,24,6,-36,-30,-91,-332,-423,-3,-43,-46,-250,-514,-764
0183_sundbyberg,2007,35078,259871,210595,232753,281746,220905,250784,17323,17755,0.232599532,0.28289538,0.257220735,0.791557176,0.770342472,0.78112346,72,22,94,182,-64,118,25,-1,24,-66,-333,-399,-1,-11,-12,-251,-525,-776
0183_sundbyberg,2008,36079,268122,219582,241143,291181,230425,260382,17920,18159,0.238286602,0.291802337,0.264410266,0.792064537,0.77075302,0.781621259,136,77,213,318,13,331,51,8,59,-15,-325,-340,188,81,269,-63,-444,-507
0183_sundbyberg,2009,37722,270726,223959,245256,291615,233793,262300,18736,18986,0.242373773,0.299779776,0.270420515,0.765174836,0.745636927,0.75556536,272,224,496,590,237,827,95,80,175,80,-245,-165,355,413,768,292,-31,261
0183_sundbyberg,2010,38633,276366,224680,248088,296961,236946,266500,19210,19423,0.244709108,0.306435688,0.274855339,0.774592381,0.755874881,0.765360066,138,63,201,728,300,1028,19,-2,17,99,-247,-148,84,66,150,376,35,411
0183_sundbyberg,2011,39539,284091,228666,254154,307501,243100,274923,19693,19846,0.251023991,0.31739054,0.283369756,0.783649128,0.758830409,0.771440626,126,33,159,854,333,1187,42,10,52,141,-237,-96,-2,-18,-20,374,17,391
0183_sundbyberg,2012,40793,293061,239154,264750,317222,252643,284463,20234,20559,0.257388457,0.331682746,0.293756269,0.786078098,0.766797524,0.776546113,136,252,388,990,585,1575,101,123,224,242,-114,128,127,303,430,501,320,821
0183_sundbyberg,2013,42626,300433,245667,271694,324416,258884,291287,21182,21444,0.262136685,0.334859385,0.297772614,0.789952727,0.763866763,0.777078941,367,318,685,1357,903,2260,87,80,167,329,-34,295,422,389,811,923,709,1632
0183_sundbyberg,2014,44090,309239,251878,279514,332804,267991,300184,22019,22071,0.267457576,0.342978123,0.304399524,0.795035269,0.770463009,0.7829658,300,241,541,1657,1144,2801,127,93,220,456,59,515,298,163,461,1221,872,2093
0181_sodertalje,2000,77882,201762,151255,174432,214830,154278,184271,38909,38973,0.114973386,0.141588603,0.127930453,0.760312152,0.704374973,0.733027368,43,41,84,43,41,84,17,23,40,17,23,40,96,63,159,96,63,159
0181_sodertalje,2001,78794,212215,158728,183492,224718,162988,193626,39409,39385,0.123979755,0.151694874,0.137450199,0.762595202,0.719149301,0.741430809,37,18,55,80,59,139,58,33,91,75,56,131,-41,-69,-110,55,-6,49
0181_sodertalje,2002,79613,218145,165731,190010,230506,169037,199546,39763,39850,0.134049953,0.161233438,0.147276395,0.762585859,0.718699601,0.741182315,-13,-43,-56,67,16,83,59,27,86,134,83,217,-112,-59,-171,-57,-65,-122
0181_sodertalje,2003,80049,224105,171379,195515,235959,175998,205763,39999,40050,0.136488618,0.165835589,0.150779335,0.756113334,0.712939379,0.735056008,-75,-128,-203,-8,-112,-120,-36,-35,-71,98,48,146,-181,-236,-417,-238,-301,-539
0181_sodertalje,2004,80405,227524,174253,199306,240986,181244,210892,40159,40246,0.142047244,0.171714286,0.156460382,0.755846888,0.707979986,0.732473394,-114,-189,-303,-122,-301,-423,-4,-56,-60,94,-8,86,-127,-144,-271,-365,-445,-810
0181_sodertalje,2005,80553,231066,177351,202363,244942,184644,214629,40306,40247,0.145251899,0.180701086,0.162462136,0.748150843,0.704145034,0.726714899,-185,-170,-355,-307,-471,-778,-27,-61,-88,67,-69,-2,-254,-329,-583,-619,-774,-1393
0181_sodertalje,2006,81791,234896,179290,205174,249947,188232,218932,40956,40835,0.146390374,0.18440051,0.164852291,0.750329828,0.702772052,0.727155331,-232,-183,-415,-539,-654,-1193,-61,-80,-141,6,-149,-143,-306,-296,-602,-925,-1070,-1995
0181_sodertalje,2007,83642,241755,183048,209724,257711,192519,225048,42042,41600,0.150135218,0.189622335,0.169257418,0.755046372,0.695784746,0.726242214,-101,-183,-284,-640,-837,-1477,-43,-72,-115,-37,-221,-258,-102,-183,-285,-1027,-1253,-2280
0181_sodertalje,2008,84753,250645,188317,217243,265354,197961,231578,42602,42151,0.152989601,0.191920126,0.171825379,0.754991135,0.696993187,0.726816894,-82,-199,-281,-722,-1036,-1758,-35,-106,-141,-72,-327,-399,-237,-318,-555,-1264,-1571,-2835
0181_sodertalje,2009,85270,247503,189141,217371,258014,197935,227938,42887,42383,0.155094602,0.198707891,0.176231158,0.723012456,0.665116279,0.694924983,-366,-397,-763,-1088,-1433,-2521,-78,-93,-171,-150,-420,-570,-545,-615,-1160,-1809,-2186,-3995
0181_sodertalje,2010,86246,249146,186036,216000,262941,199671,231339,43447,42799,0.155756402,0.200784314,0.17748831,0.736630509,0.671823741,0.705290166,-246,-306,-552,-1334,-1739,-3073,-86,-121,-207,-236,-541,-777,-340,-382,-722,-2149,-2568,-4717
0181_sodertalje,2011,87685,258674,189287,221627,272769,203761,238275,44150,43535,0.157163494,0.208462379,0.181922096,0.755636852,0.678054614,0.718119253,-85,-147,-232,-1419,-1886,-3305,-43,-24,-67,-279,-565,-844,-219,-245,-464,-2368,-2813,-5181
0181_sodertalje,2012,89473,265734,195288,228349,277953,210153,244168,45137,44336,0.157415113,0.209938055,0.182681926,0.749535367,0.684144624,0.718002906,-8,-112,-120,-1427,-1998,-3425,0,-57,-57,-279,-622,-901,-14,-176,-190,-2382,-2989,-5371
0181_sodertalje,2013,91072,267927,198842,231769,280276,214788,247668,46022,45050,0.159486822,0.213564849,0.185546211,0.74968684,0.679898356,0.716066328,-181,-220,-401,-1608,-2218,-3826,-52,-77,-129,-331,-699,-1030,-313,-373,-686,-2695,-3362,-6057
0181_sodertalje,2014,92235,271821,198926,233755,282385,216425,249573,46626,45609,0.158463578,0.217833788,0.187036265,0.749858996,0.67651851,0.714512683,-239,-207,-446,-1847,-2425,-4272,-67,-60,-127,-398,-759,-1157,-492,-441,-933,-3187,-3803,-6990
0138_tyreso,2000,39071,234973,179079,203306,270488,183519,226153,19410,19661,0.145915124,0.162990418,0.154595588,0.833049259,0.796631368,0.814641548,74,60,134,74,60,134,60,30,90,60,30,90,49,27,76,49,27,76
0138_tyreso,2001,39434,245876,187310,213296,283458,193917,237694,19549,19885,0.151814874,0.175121425,0.163682162,0.833589612,0.796496181,0.814778947,15,35,50,89,95,184,37,82,119,97,112,209,-66,19,-47,-17,46,29
0138_tyreso,2002,39720,255233,195144,221687,289973,201605,244798,19671,20049,0.155468458,0.182398418,0.169184982,0.83234714,0.801553495,0.816747059,-22,-39,-61,67,56,123,29,5,34,126,117,243,-43,-65,-108,-60,-19,-79
0138_tyreso,2003,40097,260290,199990,227164,293041,208061,249623,19879,20218,0.158155168,0.185766849,0.172233916,0.822949696,0.788633514,0.805576712,5,14,19,72,70,142,2,-21,-19,128,96,224,5,18,23,-55,-1,-56
0138_tyreso,2004,40605,263778,204726,230493,297027,212835,254070,20166,20439,0.162222637,0.193168539,0.177978125,0.817614898,0.789649975,0.803492896,41,38,79,113,108,221,19,20,39,147,116,263,72,35,107,17,34,51
0138_tyreso,2005,41134,269582,208285,235634,308133,218256,262291,20467,20667,0.165136764,0.206031944,0.185976719,0.80844018,0.788482284,0.798346483,62,75,137,175,183,358,28,60,88,175,176,351,48,83,131,65,117,182
0138_tyreso,2006,41476,277785,215986,243069,317645,227377,271577,20587,20889,0.169127891,0.216780086,0.19338956,0.823763888,0.794890935,0.809166387,2,-16,-14,177,167,344,38,41,79,213,217,430,-49,52,3,16,169,185
0138_tyreso,2007,42047,290336,223668,252742,333810,235914,283866,20907,21140,0.173949269,0.227301302,0.201030223,0.838101649,0.807882586,0.822838581,47,57,104,224,224,448,47,70,117,260,287,547,43,30,73,59,199,258
0138_tyreso,2008,42332,300263,232880,263466,345964,246200,295126,21062,21270,0.177754969,0.233821403,0.206234792,0.840276025,0.812742749,0.826384256,-15,-47,-62,209,177,386,26,10,36,286,297,583,-43,-100,-143,16,99,115
0138_tyreso,2009,42602,304811,238692,268571,342610,251438,296255,21230,21372,0.180800448,0.242673993,0.212024585,0.817580578,0.794876074,0.806210298,-68,-93,-161,141,84,225,33,35,68,319,332,651,-52,-167,-219,-36,-68,-104
0138_tyreso,2010,42947,307908,240848,271196,348413,254183,300478,21417,21530,0.183705921,0.250600628,0.217356947,0.829960863,0.808038692,0.819007541,-43,-45,-88,98,39,137,37,32,69,356,364,720,-56,-50,-106,-92,-118,-210
0138_tyreso,2011,43328,317351,246611,277577,354955,261756,307567,21601,21727,0.186208822,0.261340493,0.223872285,0.836011537,0.813514188,0.82481782,16,-29,-13,114,10,124,33,49,82,389,413,802,-25,18,-7,-117,-100,-217
0138_tyreso,2012,43764,325566,254119,285142,362496,270029,315521,21822,21942,0.190498155,0.270846741,0.230740894,0.835191666,0.821787894,0.828533978,-28,44,16,86,54,140,39,75,114,428,488,916,-4,50,46,-121,-50,-171
0138_tyreso,2013,44281,331458,261944,293437,371273,279315,324566,22088,22193,0.196062346,0.282563311,0.239403311,0.838795181,0.821189894,0.830056634,53,52,105,139,106,245,64,86,150,492,574,1066,59,78,137,-62,28,-34
0138_tyreso,2014,45390,336584,265600,298864,377313,285847,330911,22651,22739,0.201843808,0.292397661,0.247130766,0.840196921,0.825707715,0.833005353,192,171,363,331,277,608,95,123,218,587,697,1284,317,316,633,255,344,599
0160_taby,2000,60197,277102,186710,221128,357110,201895,277236,29710,30487,0.334437492,0.292768854,0.313322642,0.838452534,0.808562992,0.823363789,-187,-87,-274,-187,-87,-274,18,29,47,18,29,47,-281,-169,-450,-281,-169,-450
0160_taby,2001,60229,288793,195504,231423,373475,212648,290729,29692,30537,0.341711957,0.301900366,0.321510054,0.838208154,0.811366385,0.824670825,-60,-26,-86,-247,-113,-360,39,55,94,57,84,141,-134,-115,-249,-415,-284,-699
0160_taby,2002,60198,296425,202398,239315,374412,219535,294645,29647,30551,0.347801719,0.311263869,0.329238405,0.831913333,0.806915629,0.819291581,-148,-47,-195,-395,-160,-555,28,42,70,85,126,211,-214,-68,-282,-629,-352,-981
0160_taby,2003,60168,301589,208008,244293,375384,226630,298649,29627,30541,0.353778059,0.316285575,0.334666295,0.817425242,0.802105499,0.809670928,-202,-90,-292,-597,-250,-847,-3,-21,-24,82,105,187,-266,-169,-435,-895,-521,-1416
0160_taby,2004,60422,307009,213586,249121,382662,233912,305776,29712,30710,0.358569793,0.325059462,0.341460377,0.821926526,0.804667681,0.813185244,-92,-15,-107,-689,-265,-954,44,71,115,126,176,302,-85,-2,-87,-980,-523,-1503
0160_taby,2005,60594,314877,219044,255767,398048,242463,317552,29829,30765,0.362499198,0.339892117,0.350938783,0.820565222,0.806645498,0.813503251,-63,-27,-90,-752,-292,-1044,10,67,77,136,243,379,-93,-49,-142,-1073,-572,-1645
0160_taby,2006,61006,324845,227387,265715,412984,251953,329623,30018,30988,0.364694534,0.352040191,0.358214106,0.833265055,0.816919764,0.824960415,36,55,91,-716,-237,-953,44,131,175,180,374,554,24,41,65,-1049,-531,-1580
0160_taby,2007,61633,339449,236301,277797,436480,265618,348103,30346,31287,0.36915346,0.365564142,0.367321829,0.84836402,0.823727268,0.835872236,82,57,139,-634,-180,-814,91,128,219,271,502,773,113,126,239,-936,-405,-1341
0160_taby,2008,62266,353592,246550,290326,455473,277620,363308,30612,31654,0.372812399,0.377446123,0.375177821,0.85162351,0.823439099,0.83730537,93,53,146,-541,-127,-668,89,114,203,360,616,976,75,140,215,-861,-265,-1126
0160_taby,2009,63014,358911,253430,297238,448580,283688,363371,31086,31928,0.375056601,0.391077095,0.383222328,0.832768097,0.810318319,0.821394571,72,24,96,-469,-103,-572,95,121,216,455,737,1192,148,15,163,-713,-250,-963
0160_taby,2010,63789,361403,256054,299928,455274,288915,369238,31441,32348,0.379223301,0.398316183,0.388947118,0.839492522,0.819716714,0.829472052,30,85,115,-439,-18,-457,93,90,183,548,827,1375,35,114,149,-678,-136,-814
0160_taby,2011,64558,369697,263636,306720,463939,298296,378528,31884,32674,0.385116399,0.410216429,0.397875713,0.843688761,0.824094479,0.833794619,48,97,145,-391,79,-312,92,122,214,640,949,1589,129,160,289,-549,24,-525
0160_taby,2012,65364,378305,272527,316335,469259,308705,386463,32304,33060,0.388223233,0.421160792,0.404926575,0.844920091,0.834210526,0.83951385,136,172,308,-255,251,-4,102,147,249,742,1096,1838,166,167,333,-383,191,-192
0160_taby,2013,66292,385699,279794,324554,476755,318797,395431,32780,33512,0.389900139,0.432088075,0.411222257,0.849918434,0.833036311,0.841435088,169,133,302,-86,384,298,125,183,308,867,1279,2146,266,287,553,-117,478,361
0160_taby,2014,67334,391320,286014,331043,485146,327582,404097,33288,34046,0.394574753,0.443268236,0.419194094,0.843491222,0.833615742,0.838528935,121,201,322,35,585,620,167,189,356,1034,1468,2502,227,347,574,110,825,935
0114_upplands_vasby,2000,37576,228025,174591,196879,253133,175400,213485,18658,18918,0.137094526,0.152995392,0.14507844,0.821523841,0.779770267,0.800556086,48,72,120,48,72,120,20,13,33,20,13,33,26,59,85,26,59,85
0114_upplands_vasby,2001,37524,237543,182445,205625,263753,185234,223664,18620,18904,0.138881106,0.160484692,0.149735105,0.820271067,0.790349418,0.805221976,-111,-105,-216,-63,-33,-96,-11,-14,-25,9,-1,8,-179,-188,-367,-153,-129,-282
0114_upplands_vasby,2002,37444,244254,188775,212482,269020,192332,229871,18570,18874,0.142148606,0.164767991,0.153516734,0.813817628,0.789103101,0.801398425,-79,-96,-175,-142,-129,-271,14,-9,5,23,-10,13,-180,-157,-337,-333,-286,-619
0114_upplands_vasby,2003,37397,249028,194136,217412,272043,199144,234808,18550,18847,0.144406716,0.169382624,0.156974837,0.800873961,0.770648406,0.785659574,-114,-148,-262,-256,-277,-533,-21,-24,-45,2,-34,-32,-217,-216,-433,-550,-502,-1052
0114_upplands_vasby,2004,37517,252281,196212,219652,274568,202604,237786,18586,18931,0.146796816,0.173986486,0.160458318,0.798466971,0.764250468,0.781254012,-51,-87,-138,-307,-364,-671,-17,-50,-67,-15,-84,-99,-59,-68,-127,-609,-570,-1179
0114_upplands_vasby,2005,37624,255941,198749,222945,281940,206920,243587,18624,19000,0.149465853,0.183143637,0.166421975,0.790629322,0.764037262,0.777257295,-48,-47,-95,-355,-411,-766,0,10,10,-15,-74,-89,-118,-100,-218,-727,-670,-1397
0114_upplands_vasby,2006,37848,262854,203756,229105,288900,211908,249604,18776,19072,0.15129504,0.189130229,0.170284681,0.797723745,0.771232289,0.784451233,4,-78,-74,-351,-489,-840,-6,-35,-41,-21,-109,-130,-37,-119,-156,-764,-789,-1553
0114_upplands_vasby,2007,38055,273721,211081,237901,299825,219537,259002,18970,19085,0.153897465,0.197318008,0.175551734,0.818822518,0.779156543,0.799084589,-15,-105,-120,-366,-594,-960,38,15,53,17,-94,-77,1,-142,-141,-763,-931,-1694
0114_upplands_vasby,2008,38248,284700,219154,247208,312189,228675,269639,19058,19190,0.15407593,0.203009681,0.178607467,0.81697085,0.778422877,0.797714385,-68,-6,-74,-434,-600,-1034,-17,-14,-31,0,-108,-108,-74,-74,-148,-837,-1005,-1842
0114_upplands_vasby,2009,38641,286293,223094,250920,310700,234378,271819,19267,19374,0.154374094,0.21277826,0.183621272,0.792879418,0.760062457,0.776482316,-47,-56,-103,-481,-656,-1137,-12,9,-3,-12,-99,-111,-102,-72,-174,-939,-1077,-2016
0114_upplands_vasby,2010,39289,287952,222028,251579,312978,235549,273547,19570,19719,0.159326923,0.218114073,0.188814875,0.806142527,0.766023166,0.786112063,81,19,100,-400,-637,-1037,65,27,92,53,-72,-19,37,41,78,-902,-1036,-1938
0114_upplands_vasby,2011,40194,295944,225000,257418,321287,240000,279982,20023,20171,0.163105882,0.229793233,0.196473078,0.812473978,0.773900614,0.793280897,116,67,183,-284,-570,-854,51,73,124,104,1,105,125,172,297,-777,-864,-1641
0114_upplands_vasby,2012,40723,302632,231977,263614,328922,246665,286993,20251,20472,0.166495375,0.236231479,0.201408976,0.81659497,0.776042532,0.796360773,32,-9,23,-252,-579,-831,20,23,43,124,24,148,-8,-45,-53,-785,-909,-1694
0114_upplands_vasby,2013,41449,306782,236131,267678,331518,252084,291098,20677,20772,0.169485294,0.243435651,0.206351401,0.814513505,0.775565611,0.795148689,82,26,108,-170,-553,-723,29,17,46,153,41,194,132,31,163,-653,-878,-1531
0114_upplands_vasby,2014,41816,311556,239959,272692,337404,257900,297065,20872,20944,0.173501864,0.251246077,0.212083734,0.811491855,0.777286136,0.7945672,50,-4,46,-120,-557,-677,37,-1,36,190,40,230,6,-44,-38,-647,-922,-1569
0139_upplands_bro,2000,20878,225730,169294,193168,243786,170280,206527,10501,10377,0.122347707,0.129180105,0.125777588,0.826160728,0.777881041,0.802071257,23,7,30,23,7,30,15,-12,3,15,-12,3,30,-52,-22,30,-52,-22
0139_upplands_bro,2001,21076,234552,175180,201586,253925,178726,215814,10606,10470,0.128496355,0.139131898,0.133834333,0.8238619,0.783195339,0.803565963,41,13,54,64,20,84,26,18,44,41,6,47,0,-26,-26,30,-78,-48
0139_upplands_bro,2002,21162,241876,182534,207995,259419,185415,221939,10608,10554,0.133626522,0.144118627,0.138912204,0.822865854,0.781074091,0.801949288,-13,26,13,51,46,97,13,5,18,54,11,65,-83,-1,-84,-53,-79,-132
0139_upplands_bro,2003,21252,244123,188341,212547,262593,193002,227342,10651,10601,0.133378356,0.148741037,0.141107383,0.802924155,0.768880109,0.785882711,13,-18,-5,64,28,92,-19,-9,-28,35,2,37,-17,-67,-84,-70,-146,-216
0139_upplands_bro,2004,21348,251031,190528,216759,268908,195858,231812,10647,10701,0.133456749,0.154471545,0.144038767,0.806830309,0.761643836,0.784218143,-11,-8,-19,53,20,73,-10,-1,-11,25,1,26,-44,-7,-51,-114,-153,-267
0139_upplands_bro,2005,21327,256485,193386,221122,273927,199358,235845,10593,10734,0.133617021,0.164556962,0.149254988,0.786961224,0.746230008,0.76645191,-70,-44,-114,-17,-24,-41,-9,0,-9,16,1,17,-127,-46,-173,-241,-199,-440
0139_upplands_bro,2006,21638,262155,196868,225654,281045,204038,241686,10707,10931,0.138513514,0.174653007,0.156782492,0.80054853,0.756862157,0.778533636,24,32,56,7,8,15,26,39,65,42,40,82,-5,60,55,-246,-139,-385
0139_upplands_bro,2007,22221,272916,204594,234617,292373,212808,251986,11053,11168,0.144594151,0.185895353,0.165359477,0.815500889,0.764383967,0.789917833,130,30,160,137,38,175,53,35,88,95,75,170,204,82,286,-42,-57,-99
0139_upplands_bro,2008,22682,284280,213204,244569,303216,221023,261449,11297,11385,0.147217235,0.192289234,0.169978995,0.818141852,0.760477299,0.789208528,43,17,60,180,55,235,5,32,37,100,107,207,95,69,164,53,12,65
0139_upplands_bro,2009,23202,288935,215094,248244,304241,223027,263007,11583,11619,0.150064683,0.20117591,0.175843552,0.787778099,0.736925061,0.76224732,68,7,75,248,62,310,23,34,57,123,141,264,107,74,181,160,86,246
0139_upplands_bro,2010,23676,290157,217982,250224,307112,225867,265995,11836,11840,0.153562259,0.21158094,0.182816229,0.800056802,0.748580352,0.774314923,73,50,123,321,112,433,39,48,87,162,189,351,84,67,151,244,153,397
0139_upplands_bro,2011,23984,301051,218900,256558,317741,229644,273187,12022,11962,0.154805693,0.21985143,0.187519873,0.810917276,0.747913425,0.77950201,29,12,41,350,124,474,12,11,23,174,200,374,12,-28,-16,256,125,381
0139_upplands_bro,2012,24353,310276,225777,264202,325189,236148,280281,12228,12125,0.159477956,0.225801333,0.19268971,0.807997771,0.750633624,0.779466349,16,15,31,366,139,505,31,20,51,205,220,425,17,4,21,273,129,402
0139_upplands_bro,2013,24703,315892,231254,269606,330940,243220,286678,12371,12332,0.160890302,0.234146341,0.197706603,0.80776699,0.74968483,0.778869608,28,24,52,394,163,557,7,11,18,212,231,443,-9,37,28,264,166,430
0139_upplands_bro,2014,25287,318140,234102,273850,334958,248048,291210,12675,12612,0.163372452,0.238463921,0.200865935,0.817972973,0.76,0.789383562,117,76,193,511,239,750,23,26,49,235,257,492,150,90,240,414,256,670
0115_vallentuna,2000,25228,233131,169428,197397,270435,173878,221348,12600,12628,0.15490254,0.168322534,0.161697164,0.855726725,0.811130296,0.833333333,126,126,252,126,126,252,46,45,91,46,45,91,210,184,394,210,184,394
0115_vallentuna,2001,25643,245495,179226,207420,281545,185101,232562,12769,12874,0.158236057,0.175802329,0.1670839,0.853931107,0.824046152,0.83896803,103,86,189,229,212,441,24,25,49,70,70,140,75,108,183,285,292,577
0115_vallentuna,2002,25905,253027,185623,216120,288728,191966,239513,12909,12996,0.163878164,0.185984208,0.175008875,0.857273559,0.826640676,0.841913202,23,39,62,252,251,503,32,28,60,102,98,200,2,3,5,287,295,582
0115_vallentuna,2003,26306,259064,191699,221085,292203,199849,245182,13105,13201,0.16619599,0.194691495,0.180557501,0.844711663,0.812074502,0.828339455,70,64,134,322,315,637,29,58,87,131,156,287,77,90,167,364,385,749
0115_vallentuna,2004,26889,264706,197669,225853,296971,205074,250274,13423,13466,0.170579247,0.205107197,0.187990635,0.85026738,0.819254186,0.834731224,130,90,220,452,405,857,56,46,102,187,202,389,186,140,326,550,525,1075
0115_vallentuna,2005,27397,271501,203436,232768,308681,211838,259411,13641,13756,0.177197802,0.220564516,0.199116848,0.845217173,0.819950125,0.832540973,95,109,204,547,514,1061,56,51,107,243,253,496,93,156,249,643,681,1324
0115_vallentuna,2006,27868,283753,208145,240464,318687,218239,267599,13899,13969,0.181608259,0.23065635,0.20635348,0.858013179,0.830757819,0.84434664,99,19,118,646,533,1179,61,33,94,304,286,590,115,74,189,758,755,1513
0115_vallentuna,2007,28382,296881,218660,251975,333159,229195,280453,14209,14173,0.18774306,0.243371587,0.215786674,0.866071429,0.839960847,0.853018533,68,100,168,714,633,1347,65,89,154,369,375,744,148,113,261,906,868,1774
0115_vallentuna,2008,28954,306011,229293,263025,345181,240246,291915,14460,14494,0.190527018,0.249705073,0.220378207,0.867949649,0.841049196,0.854490475,82,70,152,796,703,1499,35,54,89,404,429,833,122,166,288,1028,1034,2062
0115_vallentuna,2009,29361,311291,238056,269408,354944,247313,300335,14663,14698,0.195686901,0.260676505,0.22849232,0.856800766,0.831651045,0.844248531,70,57,127,866,760,1626,46,59,105,450,488,938,63,57,120,1091,1091,2182
0115_vallentuna,2010,30114,319284,239976,274612,354720,251031,302090,15041,15073,0.200418903,0.270943591,0.235928766,0.865368828,0.842543705,0.853958944,123,141,264,989,901,1890,58,88,146,508,576,1084,197,258,455,1288,1349,2637
0115_vallentuna,2011,30715,328008,247000,282692,363891,259174,310801,15362,15353,0.208370779,0.28678526,0.247780829,0.867995875,0.844063112,0.856059736,98,94,192,1087,995,2082,72,110,182,580,686,1266,126,126,252,1414,1475,2889
0115_vallentuna,2012,31215,337753,253994,291742,373297,268131,319970,15621,15594,0.21168437,0.296016137,0.253914141,0.867743393,0.853108631,0.860455886,78,30,108,1165,1025,2190,51,84,135,631,770,1401,109,57,166,1523,1532,3055
0115_vallentuna,2013,31616,345350,262098,299346,378267,276245,326521,15815,15801,0.214848144,0.304451113,0.259641228,0.869686489,0.852529359,0.861159437,33,22,55,1198,1047,2245,43,68,111,674,838,1512,63,96,159,1586,1628,3214
0115_vallentuna,2014,31969,349412,269267,305975,386712,284447,334918,15964,16005,0.218920258,0.310691668,0.264740529,0.870016565,0.853926291,0.862028695,20,38,58,1218,1085,2303,44,42,86,718,880,1598,3,64,67,1589,1692,3281
0187_vaxholm,2000,9286,238676,171084,198878,285398,181064,231620,4584,4702,0.246422893,0.214258337,0.23004878,0.836637298,0.803495007,0.819826339,104,99,203,104,99,203,45,39,84,45,39,84,155,158,313,155,158,313
0187_vaxholm,2001,9470,252515,182628,211643,302416,193447,246081,4676,4794,0.249030256,0.224228743,0.236440031,0.839279279,0.811181435,0.825057839,28,14,42,132,113,245,10,18,28,55,57,112,54,28,82,209,186,395
0187_vaxholm,2002,9631,260834,188061,220558,311287,199642,253543,4763,4868,0.27212988,0.237741456,0.254593673,0.833036033,0.81533101,0.824078971,5,17,22,137,130,267,28,21,49,83,78,161,21,30,51,230,216,446
0187_vaxholm,2003,9725,263228,196573,225414,312798,209456,259382,4808,4917,0.266641308,0.242468773,0.254344982,0.81287584,0.809638554,0.811235171,29,35,64,166,165,331,4,13,17,87,91,178,8,9,17,238,225,463
0187_vaxholm,2004,9904,269735,204752,230862,324567,218598,269870,4904,5000,0.270321361,0.254446461,0.262222222,0.81779958,0.822646658,0.82025579,28,35,63,194,200,394,20,29,49,107,120,227,36,32,68,274,257,531
0187_vaxholm,2005,10123,281179,210768,238376,341023,228638,282984,5008,5115,0.279165114,0.273568125,0.27630142,0.821391485,0.832553476,0.827070226,58,66,124,252,266,518,43,52,95,150,172,322,74,76,150,348,333,681
0187_vaxholm,2006,10440,294790,217076,247039,352910,235733,292187,5136,5304,0.284977909,0.287972509,0.28652684,0.834871795,0.832525057,0.83366567,56,74,130,308,340,648,24,48,72,174,220,394,74,138,212,422,471,893
0187_vaxholm,2007,10600,307518,227727,260977,379359,249398,312216,5234,5366,0.289541284,0.304362881,0.29716729,0.833559322,0.847402597,0.840630182,24,5,29,332,345,677,24,30,54,198,250,448,42,18,60,464,489,953
0187_vaxholm,2008,10747,314992,239024,269618,380903,258266,317966,5327,5420,0.288897005,0.313417191,0.301428571,0.832212508,0.846684176,0.839534884,32,-1,31,364,344,708,13,26,39,211,276,487,36,9,45,500,498,998
0187_vaxholm,2009,11001,328478,247106,278920,391497,268689,328376,5437,5564,0.302197802,0.323242867,0.312990721,0.82982983,0.822502425,0.826108374,44,39,83,408,383,791,40,30,70,251,306,557,64,76,140,564,574,1138
0187_vaxholm,2010,10965,335112,248982,283536,401298,273887,335776,5422,5543,0.307344633,0.335929204,0.322080292,0.828659371,0.845723684,0.837357478,-32,-12,-44,376,371,747,5,5,10,256,311,567,-49,-72,-121,515,502,1017
0187_vaxholm,2011,11141,344240,255655,293363,416580,280883,347008,5514,5627,0.313271028,0.347610619,0.330909091,0.846024259,0.841658505,0.843806997,50,27,77,426,398,824,32,20,52,288,331,619,53,46,99,568,548,1116
0187_vaxholm,2012,11126,354857,265263,301966,429354,293272,359680,5524,5602,0.313017306,0.357271095,0.335660481,0.84659474,0.84486717,0.845719036,9,-5,4,435,393,828,3,20,23,291,351,642,-12,-49,-61,556,499,1055
0187_vaxholm,2013,11188,364489,272141,310407,427946,301541,363359,5560,5628,0.306384586,0.368932039,0.338430361,0.841927873,0.845343863,0.843656344,3,-5,-2,438,388,826,-3,20,17,288,371,659,0,-2,-2,556,497,1053
0187_vaxholm,2014,11329,368808,276226,313780,447276,309671,377186,5626,5703,0.305040771,0.384172662,0.345198978,0.837541528,0.850672793,0.844147268,21,28,49,459,416,875,23,32,55,311,403,714,22,39,61,578,536,1114
0120_varmdo,2000,31260,226415,174708,197664,261618,181119,221808,15829,15431,0.135546487,0.160013765,0.147540062,0.836112827,0.808437734,0.82254763,265,264,529,265,264,529,78,104,182,78,104,182,275,345,620,275,345,620
0120_varmdo,2001,32096,237600,182489,207393,275375,191537,233738,16246,15850,0.141652249,0.169398907,0.155311556,0.840683795,0.808036644,0.824594706,207,176,383,472,440,912,77,81,158,155,185,340,263,240,503,538,585,1123
0120_varmdo,2002,32664,246410,191442,216000,281523,198711,240415,16523,16141,0.146445296,0.177233271,0.161593772,0.841563375,0.815919884,0.828948705,116,109,225,588,549,1137,53,57,110,208,242,450,100,97,197,638,682,1320
0120_varmdo,2003,33134,253105,196275,221915,286423,207071,246998,16729,16405,0.150498833,0.181302498,0.165689386,0.834063309,0.811007482,0.822703631,75,62,137,663,611,1274,38,47,85,246,289,535,48,67,115,686,749,1435
0120_varmdo,2004,34029,260673,203532,228600,295511,214024,255012,17171,16858,0.155618095,0.194026667,0.174600664,0.840673322,0.817935056,0.82945698,200,192,392,863,803,1666,78,113,191,324,402,726,305,257,562,991,1006,1997
0120_varmdo,2005,34933,267931,208423,233892,305336,220877,263403,17633,17300,0.163924374,0.210663064,0.187097439,0.831193715,0.816250246,0.823820617,238,210,448,1101,1013,2114,108,130,238,432,532,964,326,261,587,1317,1267,2584
0120_varmdo,2006,35803,276536,215244,241392,316133,228201,272324,18071,17732,0.166043456,0.21683543,0.191287109,0.845265152,0.823450005,0.83445607,132,175,307,1233,1188,2421,41,45,86,473,577,1050,246,200,446,1563,1467,3030
0120_varmdo,2007,36870,289051,223573,252000,331316,238439,285215,18671,18199,0.172796669,0.230189816,0.201307124,0.852049747,0.833003673,0.842632265,226,173,399,1459,1361,2820,97,107,204,570,684,1254,304,220,524,1867,1687,3554
0120_varmdo,2008,37376,299708,235220,263398,342851,249383,296509,18903,18473,0.172762415,0.241575842,0.207018417,0.854107519,0.834859813,0.844581155,34,78,112,1493,1439,2932,30,87,117,600,771,1371,13,77,90,1880,1764,3644
0120_varmdo,2009,37756,305081,241966,269349,345062,256065,300902,19098,18658,0.171699053,0.247612345,0.20948854,0.840738709,0.81728349,0.829125317,15,-8,7,1508,1431,2939,7,20,27,607,791,1398,-11,-29,-40,1869,1735,3604
0120_varmdo,2010,38301,310162,244235,274441,349589,260150,305220,19382,18919,0.174642821,0.254242394,0.214342949,0.847804436,0.829326923,0.838662458,82,101,183,1590,1532,3122,44,56,100,651,847,1498,122,66,188,1991,1801,3792
0120_varmdo,2011,38894,319983,249677,280509,363751,267918,315871,19583,19311,0.181527708,0.268821482,0.225261584,0.853105814,0.829088594,0.841141821,54,133,187,1644,1665,3309,79,133,212,730,980,1710,62,180,242,2053,1981,4034
0120_varmdo,2012,39387,326277,257451,287868,368999,276236,322761,19895,19492,0.184642964,0.279088285,0.231879729,0.849620705,0.83839754,0.844046175,61,60,121,1705,1725,3430,57,53,110,787,1033,1820,108,46,154,2161,2027,4188
0120_varmdo,2013,39784,332380,264844,295176,374253,284783,329711,20102,19682,0.18740704,0.281957126,0.234660979,0.847911111,0.841520679,0.844741086,-1,51,50,1704,1776,3480,37,34,71,824,1067,1891,27,18,45,2188,2045,4233
0120_varmdo,2014,40541,337950,269613,300962,385017,292853,339175,20513,20028,0.191179328,0.291108285,0.240970902,0.84603313,0.842203465,0.844136414,169,116,285,1873,1892,3765,83,98,181,907,1165,2072,184,174,358,2372,2219,4591
0117_osteraker,2000,34427,235673,172563,199903,277185,176239,226538,17331,17096,0.159214161,0.170080695,0.164617521,0.846702987,0.811659193,0.829317934,129,107,236,129,107,236,67,46,113,67,46,113,121,129,250,121,129,250
0117_osteraker,2001,35108,247126,180602,209371,288544,187041,237556,17626,17482,0.161673034,0.179640113,0.17063212,0.841165587,0.815022947,0.828175176,128,182,310,257,289,546,55,84,139,122,130,252,136,210,346,257,339,596
0117_osteraker,2002,35633,256572,188202,216760,296180,194340,244840,17865,17768,0.165108415,0.186548602,0.175826909,0.842381303,0.810458121,0.82646611,113,101,214,370,390,760,38,45,83,160,175,335,80,104,184,337,443,780
0117_osteraker,2003,36183,259948,193804,221103,297952,201666,249506,18181,18002,0.166436464,0.193341237,0.179879554,0.830929341,0.807166605,0.819116702,103,54,157,473,444,917,26,67,93,186,242,428,117,19,136,454,462,916
0117_osteraker,2004,36867,264316,199751,226906,302574,207652,254959,18559,18308,0.170631424,0.204552144,0.187573501,0.833438657,0.813511029,0.823564239,146,68,214,619,512,1131,49,82,131,235,324,559,178,117,295,632,579,1211
0117_osteraker,2005,37336,272806,204373,233049,316537,214166,265033,18746,18590,0.177606554,0.218088207,0.19788777,0.829554692,0.817304189,0.823454719,55,93,148,674,605,1279,75,87,162,310,411,721,40,127,167,672,706,1378
0117_osteraker,2006,37879,280415,209688,240207,326809,222244,274120,18975,18904,0.181738538,0.225890782,0.203873598,0.840355763,0.825388227,0.83289053,105,123,228,779,728,1507,68,48,116,378,459,837,81,113,194,753,819,1572
0117_osteraker,2007,38286,290947,217885,249583,338770,231869,284754,19095,19191,0.182551392,0.230784161,0.206829173,0.855620767,0.826968114,0.841276999,-1,-9,-10,778,719,1497,4,11,15,382,470,852,-56,57,1,697,876,1573
0117_osteraker,2008,38720,302251,227368,260207,352976,241448,296674,19347,19373,0.181818182,0.239372075,0.210787201,0.854494736,0.82856117,0.841511638,46,37,83,824,756,1580,15,61,76,397,531,928,79,26,105,776,902,1678
0117_osteraker,2009,39173,307222,233480,267008,352598,247768,299732,19592,19581,0.183250743,0.247938751,0.21575106,0.83794502,0.817484663,0.827719915,47,7,54,871,763,1634,34,48,82,431,579,1010,16,-14,2,792,888,1680
0117_osteraker,2010,39521,314032,236937,271130,357243,251835,304211,19807,19714,0.185928144,0.257151312,0.221748189,0.845090648,0.830655353,0.837893789,25,-9,16,896,754,1650,14,54,68,445,633,1078,1,-32,-31,793,856,1649
0117_osteraker,2011,39792,319819,241010,276366,368216,259217,313366,19946,19846,0.187975952,0.269036037,0.228693961,0.85104851,0.834990958,0.843038203,-8,19,11,888,773,1661,6,57,63,451,690,1141,-48,-15,-63,745,841,1586
0117_osteraker,2012,40269,326692,248515,283390,376706,266035,321094,20235,20034,0.192246362,0.277645424,0.235030833,0.852165389,0.835642317,0.843943057,64,11,75,952,784,1736,50,48,98,501,738,1239,63,2,65,808,843,1651
0117_osteraker,2013,40495,332547,255420,291438,383355,275629,329297,20389,20106,0.195414847,0.284918978,0.240129128,0.847814546,0.833288373,0.840610088,-15,-11,-26,937,773,1710,28,55,83,529,793,1322,-26,-10,-36,782,833,1615
0117_osteraker,2014,41180,337539,258797,296386,390358,280819,335380,20705,20475,0.196007437,0.291490823,0.243678949,0.850517706,0.831401009,0.841040716,105,71,176,1042,844,1886,36,70,106,565,863,1428,138,170,308,920,1003,1923